ParticipantId
4
6
8
9
12
15
18
20
22
27
29
31
32
34
36
38
39
40
46
47
48
54
55
57
60
62
63
64
66
67
70
71
73
78
79
81
84
85
87
88
89
91
93
94
96
97
98
99
102
103
104
105
106
107
108
109
110
111
112
113
115
116
117
118
120
122
124
125
128
129
134
135
136
137
142
144
145
146
156
158
160
164
168
174
186
190
195
196
199
200
204
210
212
216
217
218
224
225
227
229
232
234
236
239
241
242
243
245
246
247
248
254
264
266
267
268
269
275
277
280
282
283
287
290
292
293
295
297
300
301
302
305
306
307
308
309
310
311
312
315
317
318
320
322
324
325
329
334
336
338
339
345
346
348
349
351
352
353
355
356
357
358
362
364
366
371
376
378
381
386
389
394
395
398
399
406
407
408
413
414
415
419
429
432
435
441
446
452
457
458
459
463
464
468
469
470
471
480
488
489
491
494
495
498
500
501
503
504
506
507
509
511
512
514
515
516
517
518
519
520
525
526
527
529
530
535
537
538
546
552
553
555
561
566
570
572
575
581
587
589
590
591
592
593
595
596
597
598
600
601
604
605
610
612
613
616
618
621
622
623
627
635
638
641
644
645
648
651
652
654
660
662
663
672
675
681
686
687
691
693
695
697
702
703
705
708
709
711
713
715
718
721
722
723
725
727
728
731
732
736
738
740
742
743
744
745
746
747
748
749
753
755
758
759
761
762
764
765
774
775
782
783
785
797
798
803
806
807
810
815
818
819
821
822
826
828
832
833
835
836
842
844
845
848
852
853
855
857
858
860
861
862
866
867
870
872
874
875
876
877
878
880
881
883
884
885
886
888
889
890
893
895
896
897
898
899
900
901
906
908
909
910
914
915
919
920
926
927
928
929
930
935
936
938
940
946
952
953
956
962
967
970
974
975
982
983
988
991
995
998
1002
1014
1016
1017
1021
1025
1026
1027
1028
1031
1040
1042
1043
1045
1048
1050
1055
1056
1057
1058
1061
1062
1063
1066
1067
1079
1080
1081
1082
1088
1092
1094
1095
1098
1101
1103
1106
1107
1109
1110
1114
1115
1117
1119
1122
1124
1125
1126
1129
1130
1132
1135
1136
1139
1143
1144
1146
1151
1153
1154
1156
1159
1161
1163
1167
1168
1172
1182
1183
1184
1185
1186
1193
1194
1195
1198
1201
1203
1204
1206
1208
1210
1213
1214
1215
1216
1224
1225
1226
1227
1228
1230
1231
1232
1234
1236
1237
1242
1247
1249
1255
1260
1261
1262
1263
1264
1265
1266
1267
1269
1270
1272
1273
1274
1275
1278
1281
1282
1285
1288
1289
1290
1291
1293
1294
1295
1297
1298
1303
1305
1307
1308
1310
1315
1319
1322
1324
1330
1331
1335
1344
1346
1350
1356
1357
1362
1364
1367
1371
1375
1377
1379
1383
1392
1393
1395
1397
1400
1406
1407
1408
1409
1410
1412
1413
1414
1415
1416
1421
1423
1429
1433
1440
1441
1442
1444
1447
1448
1450
1451
1452
1453
1458
1459
1461
1462
1464
1468
1469
1471
1474
1477
1481
1483
1485
1486
1489
1490
1492
1497
1498
1500
1501
1503
1504
1505
1509
1511
1512
1514
1516
1519
1520
1522
1523
1524
1526
1529
1530
1531
1532
1533
1536
1537
1538
1540
1541
1555
1557
1558
1559
1561
1563
1564
1946
1949
1951
1958
1959
1965
1967
1969
1970
1972
1976
1979
1983
1984
1993
1994
1996
1997
1999
2001
2002
2004
2005
2006
2007
2009
2011
2013
2014
2016
2020
2021
2024
2025
2029
2030
2031
2033
2034
2035
2039
2041
2042
2043
2045
2046
2047
2049
2050
2051
2052
2053
2055
2056
2057
2058
2059
2060
2061
2062
2064
2065
2070
2072
2075
2076
2078
2079
2085
2089
2092
2099
2101
2102
2107
2111
2113
2120
2122
2128
2137
2143
2144
2154
2157
2160
2162
2167
2170
2171
2172
2174
2177
2178
2180
2183
2185
2188
2196
2199
2203
2206
2208
2215
2217
2219
2220
2223
2225
2226
2227
2230
2231
2233
2234
2235
2236
2238
2239
2240
2242
2243
2244
2247
2248
2249
2250
2251
2252
2254
2255
2257
2260
2263
2265
2268
2270
2271
2272
2273
2274
2275
2276
2278
2282
2285
2286
2287
2290
2291
2293
2297
2298
2300
2301
2303
2305
2308
2311
2315
2316
2321
2331
2336
2338
2340
2342
2345
2348
2352
2354
2356
2359
2361
2362
2363
2364
2365
2366
2369
2370
2372
2378
2380
2384
2386
2387
2389
2392
2395
2396
2397
2400
2401
2404
2405
2406
2408
2409
2413
2415
2416
2417
2418
2419
2421
2422
2423
2426
2430
2431
2432
2434
2436
2437
2440
2442
2443
2444
2448
2451
2456
2457
2460
2468
2470
2472
2480
2491
2495
2497
2500
2503
2505
2523
2530
2534
2545
2556
2558
2564
2567
2569
2571
2573
2574
2577
2583
2588
2590
2591
2596
2598
2602
2607
2608
2611
2612
2615
2622
2624
2626
2627
2628
2630
2635
2636
2637
2643
2644
2646
2648
2650
2651
2655
2656
2657
2662
2663
2667
2668
2669
2670
2672
2674
2676
2678
2680
2682
2684
2687
2688
2690
2691
2693
2697
2698
2699
2702
2706
2707
2710
2713
2714
2717
2724
2726
2727
2728
2740
2742
2743
2745
2750
2751
2754
2755
2757
2759
2761
2762
2763
2764
2766
2774
2777
2778
2779
2783
2784
2785
2786
2787
2790
2791
2794
2796
2800
2801
2803
2807
2812
2813
2815
2817
2818
2819
2820
2822
2824
2825
2826
2827
2828
2832
2833
2834
2836
2837
2838
2841
2845
2846
2847
2849
2850
2852
2853
2855
2856
2863
2864
2866
2867
2868
2871
2872
2873
2874
2875
2879
2880
2883
2885
2886
2887
2888
2889
2899
2901
2905
2908
2912
2913
2914
2915
2916
2917
2918
2927
2931
2935
2937
2943
2949
2958
2960
2972
2974
2976
2977
2979
2983
2988
2991
2994
3002
3003
3005
3008
3009
3016
3017
3021
3025
3027
3028
3030
3032
3034
3043
3045
3046
3047
3052
3054
3057
3058
3059
3060
3061
3062
3064
3065
3067
3068
3069
3070
3071
3074
3083
3084
3085
3087
3088
3089
3090
3092
3094
3097
3101
3102
3103
3106
3107
3108
3109
3110
3111
3114
3115
3117
3118
3119
3126
3130
3132
3134
3135
3139
3140
3141
3142
3146
3148
3150
3152
3154
3156
3157
3159
3160
3591
3594
3595
3596
3599
3604
3607
3608
3609
3614
3616
3620
3623
3625
3629
3630
3631
3635
3642
3644
3648
3650
3652
3658
3660
3663
3665
3667
3668
3670
3672
3674
3676
3678
3682
3683
3684
3685
3687
3688
3691
3692
3693
3697
3698
3700
3702
3704
3713
3716
3719
3724
3727
3728
3730
3731
3740
3741
3742
3743
3744
3748
3749
3755
3762
3763
3764
3767
3770
3781
3788
3789
3790
3806
3810
3812
3825
3828
3835
3836
3839
3847
3849
3852
3858
3859
3860
3863
3870
3871
3878
3879
3881
3882
3883
3887
3901
3912
3915
3919
3920
3923
3924
3925
3928
3931
3933
3934
3936
3937
3941
3942
3944
3945
3949
3950
3952
3953
3956
3958
3960
3970
3971
3974
3975
3979
3982
3983
3985
3989
3990
3993
3997
3999
4003
4008
4011
4012
4016
4022
4023
4026
4027
4031
4033
4039
4042
4044
4045
4047
4049
4050
4055
4056
4067
4068
4070
4078
4079
4080
4082
4083
4090
4092
4093
4094
4095
4096
4099
4100
4102
4103
4104
4105
4107
4108
4109
4110
4111
4112
4115
4116
4117
4118
4121
4129
4131
4132
4135
4140
4141
4146
4154
4164
4165
4181
4189
4196
4213
4214
4216
4218
4221
4222
4224
4225
4227
4230
4231
4233
4235
4239
4240
4241
4243
4246
4253
4254
4255
4256
4258
4261
4262
4263
4266
4268
4269
4270
4271
4274
4275
4276
4277
4278
4285
4288
4289
4290
4292
4294
4295
4296
4297
4299
4302
4303
4304
4306
4307
4308
4311
4312
4313
4314
4316
4318
4320
4322
4323
4324
4325
4326
4327
4328
4330
4331
4332
4335
4336
4337
4339
4341
4342
4343
4344
4347
4352
4353
4356
4357
4358
4362
4363
4364
4366
4368
4369
4370
4371
4375
4379
4384
4385
4386
4390
4391
4393
4396
4408
4409
4415
4418
4420
4421
4422
4423
4424
4425
4426
4427
4428
4436
4437
4438
4441
4442
4444
4449
4452
4453
4454
4455
4461
4464
4466
4467
4468
4470
4471
4472
4473
4474
4478
4484
4485
4489
4492
4495
4496
4497
4498
4505
4506
4507
4508
4517
4518
4519
4524
4535
4540
4549
4552
4555
4559
4565
4567
4589
4592
4597
4602
4603
4605
4611
4618
4623
4626
4636
4638
4649
4653
4657
4661
4664
4665
4666
4670
4679
4683
4685
4691
4694
4695
4696
4700
4702
4703
4711
4719
4721
4724
4725
4727
4728
4730
4733
4735
4738
4741
4742
4743
4745
4746
4749
4750
4752
4753
4754
4760
4761
4764
4766
4768
4769
4770
4771
4774
4779
4780
4781
4785
4786
4790
4792
4796
4798
4801
4802
4805
4808
4811
4818
4819
4820
4823
4826
4827
4828
4829
4831
4832
4833
4834
4836
4839
4842
4845
4851
4855
4856
4857
4861
4862
4865
4867
4870
4873
4874
4876
4882
4883
4884
4886
4888
4890
4891
4893
4901
4906
4910
4911
4912
4914
4916
4922
4923
4925
4927
4928
4929
4930
4931
4932
4933
4934
4936
4937
4938
4939
4940
4941
4942
4944
4945
4946
4951
4952
4953
4958
4962
4965
4973
4980
4981
4987
4990
4991
4992
4993
5005
5006
5009
5012
5013
5015
5019
5021
5025
5032
5035
5047
5049
5050
5051
5052
5053
5056
5060
5066
5068
5072
5073
5076
5077
5078
5080
5082
5084
5089
5090
5097
5101
5103
5105
5106
5107
5109
5110
5111
5113
5114
5115
5117
5118
5120
5121
5123
5126
5130
5134
5139
5141
5143
5151
5153
5160
5162
5165
5166
5169
5173
5176
5178
5179
5181
5187
5194
5200
5202
5203
5209
5212
5217
5220
5223
5224
5228
5229
5230
5231
5234
5235
5236
5242
5243
5244
5246
5249
5250
5251
5254
5255
5256
5257
5260
5264
5267
5272
5274
5275
5279
5282
5284
5286
5292
5294
5295
5298
5301
5307
5312
5319
5320
5321
5325
5326
5327
5333
5334
5340
5343
5349
5355
5358
5361
5362
5363
5364
5365
5366
5369
5370
5371
5372
5374
5375
5379
5380
5381
5383
5387
5391
5393
5394
5397
5400
5402
5403
5405
5406
5408
5409
5415
5417
5418
5420
5422
5423
5430
5446
5450
5456
5464
5468
5471
5476
5485
5499
5500
5503
5504
5507
5513
5521
5522
5524
5525
5528
5535
5536
5538
5542
5545
5547
5551
5562
5564
5567
5568
5570
5571
5579
5581
5583
5587
5588
5589
5594
5601
5602
5605
5611
5612
5613
5618
5620
5621
5622
5623
5624
5626
5630
5631
5634
5635
5637
5638
5645
5646
5649
5651
5652
5653
5658
5661
5662
5663
5665
5669
5670
5678
5683
5684
5686
5688
5689
5690
5692
5700
5701
5704
5705
5707
5714
5718
5719
5722
5723
5724
5725
5726
5727
5729
5731
5732
5733
5735
5737
5738
5739
5740
5741
5742
5745
5747
5748
5749
5755
5756
5757
5759
5760
5763
5765
5766
5767
5769
5770
5771
5772
5774
5775
5777
5780
5781
5784
5785
5786
5787
5788
5789
5792
5794
5795
5796
5799
5800
5802
5803
5805
5806
5808
5813
5818
5823
5825
5826
5829
5830
5834
5835
5836
5841
5846
5848
5849
5850
5853
5854
5859
5865
5867
5870
5875
5877
5880
5885
5891
5893
5896
5899
5902
5903
5905
5906
5909
5910
5913
5920
5922
5923
5924
5925
5929
5930
5933
5937
5943
5944
5946
5947
5949
5950
5951
5952
5953
5955
5957
5959
5960
5964
5966
5967
5968
5971
5973
5975
5976
5977
5978
5979
5980
5984
5986
5988
5989
5991
5992
5996
5997
5999
6001
6004
6005
6008
6009
6010
6012
6015
6016
6017
6018
6020
6022
6023
6025
6028
6030
6032
6034
6035
6036
6038
6041
6042
6048
6049
6052
6056
6061
6067
6068
6073
6076
6077
6079
6091
7359
7360
7362
7364
7367
7368
7369
7371
7376
7379
7380
7381
7384
7386
7387
7388
7389
7390
7391
7393
7394
7397
7405
7407
7409
7412
7415
7416
7417
7420
7425
7431
7442
7444
7445
7446
7449
7450
7451
7452
7453
7454
7455
7458
7459
7463
7464
7465
7467
7468
7469
7470
7472
7473
7474
7475
7477
7481
7482
7483
7485
7487
7488
7490
7492
7499
7501
7508
7509
7510
7511
7513
7516
7520
7524
7527
7528
7532
7535
7541
7544
7549
7552
7555
7556
7557
7563
7568
7573
7574
7575
7576
7579
7580
7581
7582
7583
7589
7591
7597
7598
7600
7604
7608
7615
7617
7620
7622
7624
7629
7630
7631
7632
7633
7635
7636
7641
7644
7645
7647
7648
7650
7651
7654
7655
7657
7658
7659
7661
7662
7663
7665
7666
7667
7668
7669
7671
7673
7675
7677
7678
7682
7686
7688
7691
7693
7694
7695
7698
7701
7704
7707
7710
7713
7715
7719
7722
7724
7726
7727
7730
7732
7735
7739
7740
7743
7744
7745
7747
7748
7753
7754
7755
7756
7757
7758
7763
7764
7765
7767
7769
7770
7776
7778
7781
7783
7789
7790
7793
7796
7799
7805
7806
7808
7811
7812
7813
7815
7819
7822
7824
7825
7828
7831
7834
7837
7838
7840
7842
7843
7844
7845
7849
7851
7852
7853
7855
7857
7858
7859
7863
7865
7866
7868
7870
7876
7877
7879
7881
7882
7884
7887
7888
7889
7890
7891
7893
7895
7896
7898
7902
7903
7907
7908
7909
7910
7925
7932
7948
7952
7953
7958
7960
7965
7970
7971
7975
7976
7978
7981
8001
8008
8017
8022
8023
8026
8033
8035
8045
8046
8048
8049
8051
8057
8058
8060
8062
8064
8068
8070
8074
8075
8076
8082
8087
8089
8095
8097
8099
8100
8101
8103
8107
8109
8110
8111
8114
8120
8122
8127
8129
8133
8135
8137
8138
8142
8143
8144
8149
8152
8155
8157
8159
8161
8162
8168
8171
8172
8174
8175
8176
8180
8182
8184
8185
8186
8187
8189
8190
8198
8200
8203
8209
8210
8212
8216
8218
8220
8221
8228
8231
8232
8233
8235
8239
8242
8248
8249
8251
8255
8258
8259
8260
8262
8263
8264
8266
8268
8270
8272
8278
8279
8281
8285
8286
8289
8290
8292
8294
8295
8296
8299
8301
8303
8304
8305
8306
8307
8309
8310
8311
8313
8316
8321
8326
8330
8334
8337
8345
8348
8351
8352
8354
8356
8363
8364
8367
8370
8379
8380
8383
8384
8385
8390
8401
8405
8406
8407
8410
8411
8412
8416
8418
8420
8422
8423
8430
8440
8445
8448
8452
8454
8455
8457
8460
8461
8462
8465
8472
8475
8485
8486
8487
8490
8491
8493
8494
8497
8498
8502
8503
8504
8505
8507
8509
8510
8513
8514
8515
8516
8517
8519
8520
8522
8523
8526
8527
8528
8531
8536
8537
8539
8540
8541
8543
8545
8548
8550
8553
8555
8557
8559
8560
8561
8565
8566
8568
8569
8573
8575
8576
8596
8600
8601
8603
8604
8607
8609
8614
8616
8621
8622
8625
8629
8630
8631
8634
8636
8637
8638
8639
8641
8643
8645
8650
8652
8654
8655
8657
8659
8660
8663
8666
8667
8669
8670
8673
8674
8678
8682
8686
8691
8692
8695
8696
8698
8699
8701
8702
8703
8705
8706
8708
8709
8712
8715
8716
8718
8720
8721
8722
8723
8724
8726
8727
8728
8729
8730
8731
8734
8735
8736
8739
8741
8743
8745
8746
8750
8751
8753
8754
8757
8763
8772
8775
8776
8779
8782
8785
8788
8796
8803
8804
8805
8809
8811
8813
8814
8817
8819
8822
8824
8828
8830
8833
8838
8841
8842
8843
8845
8849
8851
8852
8855
8856
8860
8861
8862
8869
8870
8874
8878
8882
8883
8885
8886
8888
8891
8892
8894
8898
8899
8900
8902
8903
8906
8907
8908
8909
8911
8916
8917
8920
8921
8924
8929
8930
8935
8938
8939
8940
8941
8942
8943
8946
8947
8948
8949
8950
8951
8953
8956
8957
8958
8959
8964
8967
8968
8969
8971
8973
8975
8976
8977
8981
8986
8987
8988
8991
8992
8993
8996
8999
9002
9003
9006
9008
9010
9019
9020
9021
9024
9025
9026
9027
9030
9033
9457
9459
9461
9463
9464
9465
9467
9470
9472
9474
9476
9478
9479
9480
9486
9490
9491
9492
9495
9496
9497
9499
9500
9501
9502
9503
9504
9505
9506
9511
9513
9516
9519
9522
9523
9526
9529
9533
9534
9536
9540
9542
9543
9544
9547
9549
9551
9552
9553
9554
9555
9556
9557
9558
9559
9560
9561
9562
9563
9564
9565
9566
9567
9568
9569
9571
9573
9574
9575
9576
9577
9578
9580
9581
9584
9590
9592
9593
9596
9597
9600
9602
9603
9607
9611
9613
9617
9620
9624
9625
9626
9629
9632
9635
9640
9641
9643
9644
9648
9652
9653
9658
9662
9663
9665
9669
9670
9675
9676
9681
9683
9685
9687
9693
9695
9696
9697
9704
9706
9708
9709
9711
9712
9716
9719
9720
9721
9722
9723
9724
9726
9730
9731
9734
9735
9738
9740
9741
9745
9749
9750
9753
9754
9756
9758
9760
9762
9764
9765
9766
9767
9769
9770
9777
9781
9782
9783
9785
9786
9789
9791
9792
9796
9798
9800
9802
9803
9804
9805
9807
9808
9809
9811
9813
9814
9815
9817
9819
9823
9824
9826
9827
9828
9830
9833
9835
9836
9838
9839
9843
9844
9845
9846
9848
9849
9854
9859
9862
9863
9866
9867
9870
9873
9878
9879
9883
9891
9892
9893
9894
9897
9899
9900
9903
9904
9905
9906
9907
9908
9909
9912
9913
9918
9925
9926
9928
9929
9930
9931
9932
9934
9940
9941
9942
9946
9947
9948
9950
9951
9952
9957
9959
9960
9961
9962
9963
9964
9966
9967
9968
9969
9970
9971
9972
9973
9974
9975
9977
9979
9980
9981
9982
9983
9984
9985
9988
9989
9990
9991
9992
9993
9995
9996
9997
9998
10000
10002
10004
10005
10006
10007
10009
10010
10012
10013
10018
10024
10025
10027
10028
10029
10030
10038
10041
10044
10046
10048
10049
10053
10054
10055
10057
10061
10063
10075
10077
10079
10082
10083
10084
10085
10088
10089
10091
10092
10093
10096
10097
10099
10103
10106
10112
10113
10114
10115
10116
10117
10118
10123
10127
10129
10132
10133
10134
10136
10137
10139
10142
10144
10147
10149
10151
10152
10153
10156
10157
10158
10159
10160
10161
10163
10165
10168
10169
10172
10174
10179
10180
10181
10182
10184
10185
10186
10187
10188
10189
10191
10193
10194
10197
10198
10201
10204
10205
10207
10210
10212
10215
10216
10218
10219
10222
10223
10225
10226
10228
10229
10230
10232
10233
10234
10235
10236
10237
10238
10240
10241
10242
10243
10244
10247
10248
10249
10250
10252
10253
10254
10256
10260
10262
10264
10265
10268
10269
10270
10272
10273
10274
10278
10283
10285
10286
10287
10290
10296
10298
10305
10315
10318
10322
10327
10330
10333
10339
10340
10341
10342
10344
10345
10351
10353
10357
10359
10360
10365
10368
10369
10370
10372
10373
10378
10383
10384
10385
10387
10388
10389
10390
10391
10393
10395
10397
10400
10402
10403
10404
10405
10407
10408
10412
10414
10415
10416
10418
10421
10425
10428
10429
10430
10431
10432
10437
10445
10448
10459
10460
10467
10469
10473
10475
10477
10480
10481
10484
10489
10490
10495
10496
10498
10500
10502
10507
10508
10510
10511
10517
10518
10520
10522
10527
10529
10531
10533
10537
10540
10541
10544
10546
10547
10549
10553
10556
10557
10558
10561
10563
10565
10568
10569
10570
10574
10575
10581
10588
10592
10594
10597
10598
10599
10601
10607
10611
10613
10614
10615
10616
10617
10618
10621
10622
10624
10626
10627
10628
10634
10635
10636
10637
10638
10640
10641
10644
10647
10648
10651
10652
10653
10654
10659
10663
10669
10670
10673
10674
10675
10679
10684
10685
10687
10692
10693
10696
10702
10704
10705
10706
10711
10718
10719
10720
10723
10732
10733
10734
10737
10738
10740
10744
10747
10750
10751
10753
10757
10758
10763
10766
10768
10770
10771
10773
10774
10776
10778
10782
10783
10784
10787
10788
10789
10791
10793
10794
10795
10796
10800
10801
10802
10803
10804
10805
10806
10807
10810
10811
10812
10814
10815
10816
10819
10820
10821
10822
10825
10826
10827
10829
10831
10834
10839
10840
10846
10847
10849
10854
10856
10857
10859
10863
10869
10870
10871
10874
10876
10877
10879
10880
10882
10888
10892
10904
10907
10908
10909
10910
10911
10912
10913
10915
10918
10919
10922
10925
10926
10929
10930
10934
10941
10943
10945
10947
10948
10950
10951
10953
10955
10957
10959
10963
10965
10966
10968
10969
10971
10972
10973
10976
10977
10978
10980
10982
10984
10988
10992
10993
10994
10997
10998
11000
11004
11005
11008
11009
11010
11011
11013
11014
11015
11016
11018
11024
11025
11026
11038
11039
11041
11050
11051
11052
11053
11056
11060
11062
11064
11067
11068
11069
11071
11072
11073
11075
11077
11078
11083
11084
11085
11087
11088
11089
11090
11092
11094
11095
11096
11097
11098
11100
11101
11102
11103
11104
11105
11106
11108
11109
11110
11113
11115
11120
11121
11122
11123
11124
11125
11127
11128
11129
11130
11131
11132
11133
11136
11138
11150
11151
11152
11154
11155
11160
11161
11162
11164
11168
11170
11173
11176
11178
11179
11183
11189
11190
11191
11197
11198
11199
11200
11203
11207
11210
11211
11212
11214
11215
11217
11219
11222
11223
11231
11232
11234
11235
11237
11238
11240
11244
11245
11248
11253
11256
11257
11258
11259
11260
11264
11267
11268
11270
11273
11278
11283
11284
11288
11291
11293
11299
11304
11314
11315
11319
11333
11345
11346
11348
11351
11352
11360
11363
11364
11372
11378
11379
11383
11384
11386
11390
11391
11393
11394
11395
11397
11398
11402
11403
11404
11405
11407
11408
11409
11411
11412
11414
11416
11419
11429
11431
11433
11434
11435
11436
11440
11443
11446
11448
11450
11453
11455
11459
11460
11462
11466
11467
11468
11469
11472
11473
11474
11475
11477
11478
11479
11480
11482
11485
11490
11494
11497
11498
11499
11501
11502
11504
11505
11507
11509
11514
11515
11516
11518
11519
11522
11523
11524
11526
11529
11558
11559
11560
11564
11566
11570
11572
11577
11580
11582
11583
11584
11585
11765
12148
12154
12155
12161
12173
12180
12193
12204
12208
12209
12217
12223
12243
12245
12258
12260
12512
12570
12615
12654
12658
12705
12727
12734
12739
12741
12749
12776
12780
12788
12801
12802
12829
12852
12866
12871
12872
12875
12876
12877
12879
12896
12898
12903
12909
12920
12924
12926
12962
12964
12971
12972
12988
12999
13004
13005
13007
13017
13024
13025
13026
13031
13043
13047
13061
13093
13108
13109
13125
13131
13139
13163
13172
13330
13352
13354
13358
13360
13367
13392
13396
13404
13405
13429
13443
13467
13476
13490
13505
13512
13552
13571
13574
13575
13577
13578
13585
13587
13597
13598
13603
13604
13605
13607
13609
13610
13611
13620
13629
13633
13636
13637
13639
13642
13644
13645
13646
13648
13650
13652
13653
13654
13657
13659
13663
13664
13665
13666
13667
13668
13669
13671
13672
13674
13675
13676
13677
13679
13681
13682
13683
13684
13685
13686
13688
13689
13690
13691
13693
13697
13698
13700
13703
13706
13707
13710
13711
13714
13721
13724
13726
13727
13729
13730
13734
13736
13739
13746
13754
13761
13764
13765
13766
13771
13772
13774
13782
13788
13790
13794
13796
13799
13800
13801
13808
13811
13813
13819
13820
13823
13824
13828
13830
13831
13833
13836
13837
13838
13839
13841
13842
13843
13847
13848
13851
13852
13854
13855
13860
13861
13865
13867
13868
13870
13872
13876
13880
13881
13884
13885
13889
13891
13892
13895
13899
13900
13902
13905
13906
13911
13915
13919
13920
13922
13924
13925
13926
13927
13932
13934
13936
13938
13939
13943
13944
13946
13949
13950
13954
13955
13956
13958
13959
13960
13962
13963
13964
13966
13968
13969
13974
13976
13979
13980
13981
13985
13986
13987
13989
13990
13992
13994
13996
13998
14001
14003
14008
14011
14013
14017
14020
14023
14028
14030
14040
14043
14046
14053
14054
14055
14056
14057
14058
14068
14069
14076
14078
14079
14081
14084
14086
14089
14093
14097
14098
14101
14104
14105
14106
14108
14109
14110
14114
14115
14121
14122
14124
14125
14126
14127
14129
14133
14135
14136
14137
14138
14140
14141
14143
14144
14147
14151
14157
14159
14161
14163
14169
14170
14174
14175
14177
14178
14181
14182
14183
14186
14187
14197
14206
14216
14219
14220
14226
14227
14235
14238
14243
14244
14247
14248
14258
14260
14262
14266
14273
14274
14277
14278
14284
14288
14290
14293
14295
14296
14297
14298
14302
14315
14322
14323
14324
14325
14327
14330
14331
14333
14335
14336
14342
14347
14348
14353
14357
14358
14359
14360
14361
14363
14364
14365
14366
14368
14371
14374
14377
14380
14384
14388
14389
14390
14391
14392
14397
14403
14405
14412
14413
14414
14416
14418
14419
14421
14432
14434
14435
14437
14438
14439
14440
14441
14442
14444
14446
14448
14449
14458
14460
14461
14462
14463
14464
14465
14467
14473
14474
14475
14477
14479
14480
14481
14482
14483
14484
14487
14490
14491
14494
14496
14497
14499
14505
14506
14512
14513
14514
14515
14516
14520
14521
14523
14527
14535
14536
14537
14538
14543
14547
14550
14552
14554
14555
14556
14557
14559
14564
14569
14587
14588
14597
14598
14602
14613
14616
14617
14619
14623
14628
14631
14632
14633
14635
14637
14638
14639
14640
14641
14642
14643
14644
14645
14647
14649
14650
14652
14653
14658
14661
14665
14667
14670
14677
14680
14683
14684
14686
14689
14690
14694
14696
14699
14703
14711
14713
14715
14716
14721
14728
14730
14734
14735
14738
14744
14746
14751
14752
14753
14756
14758
14763
14764
14767
14771
14772
14773
14778
14782
14794
14797
14798
14808
14810
14811
14814
14818
14819
14820
14824
14835
14837
14838
14840
14841
14843
14846
14847
14850
14851
14852
14854
14856
14857
14860
14861
14863
14869
14871
14873
14874
14876
14878
14879
14880
14883
14885
14886
14887
14888
14889
14890
14898
14899
14901
14903
14905
14910
14911
14912
14913
14914
14918
14919
14920
14921
14925
14927
14931
14935
14936
14939
14940
14942
14944
14946
14948
14950
14955
14956
14957
14958
14961
14966
14967
14968
14969
14977
14978
14979
14980
14981
14983
14984
14987
14992
14994
14995
14996
14998
14999
15000
15003
15004
15007
15008
15010
15015
15016
15017
15020
15022
15023
15028
15029
15034
15037
15039
15040
15041
15042
15043
15045
15046
15048
15049
15064
15065
15067
15068
15069
15070
15071
15074
15076
15077
15078
15082
15083
15084
15094
15096
15103
15104
15109
15112
15115
15116
15117
15120
15124
15125
15126
15128
15129
15130
15131
15133
15134
15135
15138
15140
15142
15143
15149
15153
15156
15157
15158
15159
15160
15161
15162
15165
15167
15168
15169
15170
15171
15173
15174
15175
15180
15181
15185
15189
15190
15196
15197
15199
15211
15218
15219
15230
15233
15243
15248
15252
15256
15268
15294
15297
15298
15300
15302
15303
15305
15307
15310
15313
15315
15316
15317
15320
15321
15322
15331
15339
15340
15343
15346
15350
15351
15352
15354
15371
15377
15380
15383
15388
15396
15398
15399
15403
15405
15406
15417
15419
15421
15422
15423
15427
15429
15430
15431
15441
15442
15443
15445
15446
15448
15451
15453
15455
15456
15458
15459
15463
15464
15465
15467
15469
15470
15473
15478
15479
15480
15481
15484
15485
15486
15487
15488
15489
15490
15492
15494
15495
15496
15499
15500
15501
15502
15505
15508
15509
15516
15519
15521
15523
15525
15532
15540
15544
15546
15552
15554
15556
15559
15568
15574
15578
15587
15592
15595
15596
15599
15601
15602
15608
15609
15614
15618
15619
15621
15631
15632
15644
15645
15646
15647
15648
15649
15652
15653
15655
15657
15661
15662
15663
15664
15668
15673
15676
15677
15679
15680
15681
15684
15685
15686
15689
15693
15696
15700
15701
15703
15706
15709
15710
15711
15713
15715
15716
15734
15735
15738
15744
15745
15753
15754
15756
15758
15761
15766
15769
15770
15775
15777
15779
15781
15783
15785
15787
15791
15794
15795
15796
15797
15798
15799
15802
15809
15811
15814
15818
15820
15821
15825
15826
15828
15831
15840
15841
15845
15846
15848
15850
15854
15859
15862
15863
15865
15866
15868
15871
15872
15873
15874
15878
15879
15881
15884
15885
15887
15888
15891
15892
15893
15894
15905
15907
15908
15911
15912
15914
15915
15917
15918
15920
15922
15923
15924
15926
15930
15932
15935
15938
15942
15943
15945
15946
15947
15949
15951
15954
15957
15959
15961
15962
15963
15964
15965
15966
15970
15973
15974
15975
15977
15979
15981
15983
15984
15985
15990
15995
15998
16001
16006
16007
16011
16015
16018
16021
16022
16025
16026
16031
16032
16034
16037
16038
16039
16043
16046
16047
16050
16051
16052
16056
16059
16060
16061
16064
16066
16067
16069
16070
16071
16073
16075
16078
16079
16083
16084
16085
16091
16096
16097
16102
16120
16126
16128
16131
16135
16140
16145
16147
16150
16153
16155
16157
16161
16164
16169
16170
16171
16172
16173
16174
16178
16184
16187
16191
16193
16196
16197
16198
16200
16205
16209
16211
16214
16216
16222
16225
16226
16233
16240
16242
16246
16247
16248
16252
16253
16254
16255
16256
16257
16258
16272
16273
16274
16282
16286
16288
16289
16290
16301
16303
16304
16311
16314
16315
16318
16319
16323
16324
16330
16344
16346
16347
16348
16353
16356
16359
16360
16361
16364
16366
16369
16372
16374
16375
16377
16378
16383
16397
16399
16402
16404
16409
16413
16414
16417
16420
16423
16424
16425
16429
16430
16437
16444
16446
16450
16451
16458
16462
16463
16465
16469
16471
16473
16476
16481
16488
16489
16492
16493
16495
16497
16498
16502
16511
16512
16518
16523
16524
16525
16527
16530
16531
16535
16539
16540
16541
16543
16544
16545
16548
16552
16558
16559
16560
16562
16564
16566
16567
16568
16569
16574
16581
16583
16584
16588
16589
16591
16594
16597
16598
16602
16603
16604
16606
16609
16610
16611
16618
16622
16631
16635
16636
16640
16643
16647
16650
16653
16655
16657
16660
16661
16663
16665
16666
16667
16670
16671
16672
16673
16675
16677
16679
16683
16684
16688
16691
16693
16694
16696
16700
16705
16710
16730
16734
16737
16742
16760
16768
16771
16772
16776
16778
16780
16785
16790
16795
16797
16806
16807
16809
16812
16818
16823
16825
16826
16827
16828
16829
16830
16831
16833
16834
16837
16838
16846
16849
16851
16852
16853
16854
16855
16856
16857
16860
16864
16865
16866
16868
16869
16870
16873
16877
16878
16881
16884
16886
16887
16890
16891
16893
16894
16896
16897
16898
16902
16903
16904
16906
16909
16911
16913
16915
16916
16917
16921
16922
16923
16924
16930
16932
16935
16938
16939
16940
16941
16944
16945
16947
16948
16949
16950
16952
16955
16957
16960
16961
16962
16963
16965
16966
16969
16973
16974
16976
16981
16982
16983
16984
16985
16986
16988
16991
16993
16995
16997
17000
17001
17005
17007
17009
17027
17028
17029
17031
17035
17036
17037
17040
17042
17043
17045
17046
17047
17048
17049
17054
17057
17058
17059
17063
17065
17066
17069
17072
17073
17078
17081
17086
17087
17088
17089
17090
17092
17094
17097
17099
17101
17102
17105
17107
17108
17109
17110
17112
17113
17114
17115
17120
17121
17122
17127
17129
17134
17139
17140
17147
17149
17150
17152
17157
17162
17164
17165
17167
17170
17172
17182
17186
17188
17189
17192
17195
17198
17200
17201
17208
17209
17212
17216
17222
17226
17230
17231
17233
17234
17235
17236
17237
17240
17241
17245
17246
17248
17250
17251
17252
17253
17254
17256
17260
17265
17270
17271
17272
17273
17275
17279
17282
17283
17284
17285
17290
17291
17294
17299
17300
17302
17305
17306
17307
17312
17314
17315
17317
17318
17319
17320
17326
17327
17329
17330
17332
17338
17339
17340
17343
17349
17351
17354
17356
17357
17360
17361
17362
17363
17365
17366
17369
17372
17373
17375
17379
17380
17381
17384
17386
17387
17389
17390
17391
17392
17393
17394
17395
17396
17398
17400
17401
17403
17405
17407
17409
17410
17411
17412
17414
17418
17421
17423
17424
17425
17427
17428
17439
17440
17443
17444
17445
17448
17449
17450
17454
17455
17457
17458
17459
17460
17461
17468
17481
17483
17484
17487
17492
17503
17516
17518
17524
17529
17534
17539
17547
17555
17575
17582
17605
17606
17607
17610
17613
17617
17621
17626
17631
17635
17638
17639
17646
17647
17649
17664
17666
17667
17677
17680
17686
17687
17694
17695
17698
17699
17702
17703
17706
17712
17715
17716
17720
17723
17724
17728
17730
17731
17735
17737
17740
17746
17752
17760
17761
17772
17777
17782
17785
17796
17800
17802
17829
17841
17849
17855
17879
17903
17915
17918
17923
17924
17933
17937
17947
17951
17967
17968
17972
17980
17990
17993
17995
17998
17999
18012
18014
18015
18016
18020
18022
18025
18027
18032
18033
18036
18038
18055
18057
18058
18061
18071
18073
18074
18078
18079
18081
18087
18090
18091
18097
18102
18107
18111
18135
18154
18163
18172
18187
18191
18199
18206
18222
18224
18225
18234
18235
18236
18239
18249
18253
18260
18263
18265
18266
18267
18274
18276
18278
18279
18284
18285
18286
18287
18290
18299
18301
18302
18303
18305
18307
18322
18328
18341
18345
18357
18362
18366
18367
18372
18382
18387
18392
18408
18409
18423
18444
18465
18467
18485
18486
18487
18488
18493
18494
18497
18499
18501
18503
18504
18508
18509
18513
18514
18526
18532
18533
18537
18538
18539
18540
18541
18542
18543
18544
18545
18549
18551
18552
18554
18555
18557
18558
18559
18563
18564
18566
18568
18569
18570
18571
18572
18573
18575
18576
18577
18579
18580
18581
18583
18584
18586
18587
18591
18592
18595
18596
18597
18599
18600
18602
18606
18607
18608
18609
18610
18611
18612
18614
18619
18620
18622
18623
18633
18634
18639
18640
18642
18644
18649
18651
18652
18654
18655
18656
18659
18661
18663
18667
18671
18672
18673
18676
18678
18684
18686
18687
18693
18696
18700
18702
18703
18705
18708
18709
18713
18714
18718
18719
18723
18726
18727
18730
18732
18733
18738
18739
18740
18749
18752
18753
18754
18755
18758
18761
18763
18764
18765
18766
18767
18768
18770
18771
18772
18774
18776
18777
18778
18780
18784
18785
18787
18790
18793
18795
18796
18797
18798
18799
18800
18801
18802
18803
18804
18805
18807
18808
18810
18812
18814
18815
18816
18819
18824
18827
18828
18829
18830
18831
18832
18836
18837
18838
18839
18840
18843
18844
18845
18847
18848
18849
18850
18853
18856
18859
18860
18862
18863
18864
18865
18866
18868
18869
18870
18871
18873
18874
18875
18877
18878
18879
18881
18885
18886
18887
18888
18889
18891
18894
18896
18897
18898
18900
18901
18903
18904
18905
18908
18909
18911
18916
18919
18927
18929
18933
18938
18941
18944
18945
18949
18952
18957
18959
18964
18968
18970
18971
18976
18983
18993
18996
19001
19003
19013
19018
19021
19035
19036
19039
19042
19046
19055
19056
19058
19061
19062
19063
19066
19067
19075
19076
19078
19079
19080
19082
19086
19089
19092
19095
19101
19102
19108
19109
19110
19112
19113
19117
19120
19130
19132
19133
19141
19155
19163
19171
19180
19182
19183
19187
19188
19190
19192
19193
19194
19197
19199
19200
19203
19212
19217
19218
19227
19229
19233
19234
19235
19240
19244
19245
19247
19248
19249
19251
19252
19255
19256
19261
19262
19266
19269
19272
19275
19276
19277
19283
19288
19289
19296
19299
19300
19301
19306
19308
19309
19312
19315
19317
19318
19319
19320
19321
19323
19326
19328
19329
19333
19334
19336
19338
19339
19342
19345
19346
19347
19356
19358
19360
19361
19362
19364
19365
19370
19372
19374
19375
19381
19383
19384
19385
19386
19391
19393
19395
19397
19398
19409
19412
19413
19418
19422
19426
19428
19431
19432
19438
19443
19444
19445
19447
19449
19456
19458
19459
19463
19465
19469
19472
19473
19477
19478
19479
19482
19483
19484
19485
19487
19488
19489
19490
19496
19500
19502
19503
19504
19505
19508
19509
19510
19511
19513
19515
19516
19522
19523
19524
19525
19526
19527
19528
19532
19534
19538
19539
19541
19543
19544
19545
19546
19548
19549
19550
19555
19556
19557
19558
19559
19562
19563
19565
19566
19569
19570
19574
19577
19578
19580
19581
19585
19590
19595
19596
19598
19599
19602
19604
19609
19617
19623
19625
19626
19627
19628
19630
19631
19634
19635
19637
19639
19640
19643
19647
19650
19652
19655
19656
19661
19672
19676
19678
19679
19681
19682
19684
19689
19691
19692
19696
19697
19707
19708
19709
19711
19717
19721
19722
19727
19728
19729
19730
19731
19732
19735
19736
19738
19739
19740
19741
19742
19743
19745
19747
19749
19750
19755
19756
19758
19759
19760
19761
19762
19763
19764
19765
19766
19768
19769
19771
19772
19773
19776
19777
19779
19781
19784
19786
19791
19793
19794
19796
19798
19800
19804
19805
19810
19811
19812
19813
19815
19816
19818
19820
19821
19824
19825
19830
19837
19838
19839
19840
19847
19850
19851
19852
19853
19854
19856
19857
19858
19863
19864
19865
19866
19868
19869
19870
19872
19878
19879
19881
19889
19896
19914
19917
19931
19933
19942
19944
19945
19947
19949
19950
19953
19958
19959
19960
19962
19964
19965
19966
19968
19972
19978
19979
19982
19987
20005
20007
20010
20011
20014
20015
20019
20027
20032
20039
20040
20041
20052
20055
20057
20060
20067
20068
20071
20077
20079
20084
20085
20094
20097
20098
20100
20116
20123
20125
20132
20136
20139
20141
20142
20143
20144
20145
20146
20148
20154
20156
20162
20163
20164
20165
20166
20167
20169
20171
20175
20177
20181
20183
20185
20192
20193
20196
20198
20200
20201
20206
20209
20210
20211
20212
20214
20216
20219
20223
20224
20225
20227
20228
20231
20264
20268
20269
20272
20273
20274
20279
20285
20286
20287
20289
20292
20293
20295
20296
20297
20298
20299
20301
20307
20308
20310
20311
20314
20315
20316
20322
20324
20331
20332
20341
20343
20344
20347
20350
20359
20361
20366
20369
20372
20373
20375
20380
20383
20386
20389
20391
20395
20396
20398
20400
20401
20406
20408
20410
20412
20415
20416
20418
20429
20432
20433
20434
20437
20439
20441
20442
20449
20453
20454
20455
20457
20458
20460
20461
20462
20463
20464
20466
20475
20476
20483
20489
20494
20495
20496
20497
20501
20502
20515
20518
20524
20527
20535
20539
20542
20543
20544
20548
20553
20563
20566
20568
20578
20579
20581
20582
20585
20586
20588
20591
20595
20597
20601
20602
20603
20604
20606
20615
20619
20623
20627
20628
20630
20631
20633
20644
20645
20649
20650
20651
20655
20659
20660
20664
20668
20671
20673
20677
20678
20679
20680
20682
20685
20693
20695
20698
20699
20702
20703
20704
20706
20707
20708
20709
20717
20719
20720
20721
20723
20725
20728
20730
20731
20732
20733
20736
20738
20740
20743
20745
20746
20750
20752
20756
20757
20758
20760
20761
20762
20763
20764
20765
20767
20769
20771
20773
20774
20775
20776
20777
20778
20788
20792
20793
20795
20802
20806
20811
20813
20814
20819
20821
20822
20826
20827
20828
20835
20838
20839
20844
20846
20847
20849
20850
20851
20855
20858
20861
20868
20869
20873
20875
20880
20881
20883
20886
20887
20888
20892
20893
20895
20896
20897
20901
20902
20903
20908
20911
20912
20913
20915
20916
20918
20920
20927
20928
20935
20937
20938
20940
20942
20947
20949
20951
20952
20953
20955
20958
20963
20968
20970
20974
20976
20983
20986
20990
20993
20995
20999
21000
21001
21002
21004
21005
21010
21013
21014
21018
21022
21024
21025
21030
21031
21032
21041
21046
21048
21049
21052
21058
21060
21061
21063
21064
21072
21075
21076
21077
21081
21084
21089
21092
21098
21099
21106
21110
21111
21112
21113
21114
21117
21119
21120
21122
21125
21126
21129
21130
21140
21141
21144
21148
21150
21153
21155
21157
21161
21165
21166
21173
21174
21177
21178
21183
21185
21187
21188
21189
21190
21194
21195
21201
21202
21204
21206
21209
21212
21213
21217
21218
21222
21223
21224
21225
21227
21229
21231
21233
21234
21235
21237
21240
21244
21245
21252
21257
21258
21260
21261
21263
21264
21265
21268
21270
21271
21282
21283
21287
21289
21292
21293
21296
21297
21298
21300
21302
22247
22248
22250
22252
22253
22255
22256
22258
22259
22262
22269
22270
22271
22275
22276
22278
22280
22281
22283
22288
22291
22293
22294
22296
22298
22299
22301
22305
22307
22310
22313
22314
22316
22317
22318
22319
22321
22325
22326
22329
22330
22333
22336
22337
22338
22339
22340
22341
22342
22344
22349
22351
22352
22355
22356
22359
22361
22363
22364
22367
22368
22371
22374
22375
22376
22377
22378
22379
22380
22381
22382
22384
22385
22386
22387
22388
22389
22390
22391
22392
22393
22394
22395
22396
22398
22399
22400
22401
22403
22405
22406
22410
22413
22415
22417
22418
22421
22422
22424
22425
22426
22429
22433
22436
22442
22447
22449
22452
22459
22465
22471
22474
22486
22487
22488
22491
22492
22497
22500
22501
22504
22508
22513
22514
22516
22518
22522
22525
22527
22528
22529
22535
22538
22539
22542
22546
22547
22552
22558
22559
22560
22562
22567
22571
22574
22579
22582
22583
22585
22589
22595
22596
22598
22600
22602
22606
22607
22608
22609
22611
22612
22613
22614
22616
22618
22619
22621
22622
22624
22635
22639
22640
22641
22642
22643
22644
22645
22647
22649
22658
22666
22668
22669
22670
22674
22680
22686
22687
22688
22689
22690
22692
22695
22697
22698
22700
22701
22704
22705
22706
22707
22709
22711
22714
22716
22718
22720
22721
22723
22726
22735
22737
22740
22743
23705
23707
23708
23710
23711
23713
23722
23723
23727
23728
23731
23732
23733
23734
23737
23739
23744
23745
23747
23750
23751
23753
23754
23766
23767
23769
23770
23772
23774
23775
23776
23784
23786
23790
23794
23795
23798
23800
23801
23805
23811
23813
23814
23815
23817
23822
23823
23824
23829
23831
23835
23836
23842
23843
23845
23846
23847
23851
23852
23853
23864
23867
23868
23876
23885
23890
23896
23902
23903
23905
23907
23910
23911
23912
23913
23916
23917
23920
23921
23922
23924
23925
23926
23927
23928
23929
23932
23933
23936
23938
23940
23942
23944
23945
23946
23954
23955
23957
23960
23962
23963
23964
23965
23967
23974
23976
23983
23984
23985
23989
23992
23995
23996
23999
24001
24010
24011
24013
24016
24017
24019
24025
24026
24029
24031
24032
24035
24037
24040
24045
24046
24049
24051
24058
24060
24061
24062
24065
24066
24067
24070
24072
24074
24075
24077
24082
24087
24090
24093
24094
24097
24099
24100
24101
24102
24103
24105
24106
24107
24108
24114
24117
24118
24120
24121
24122
24123
24124
24125
24128
24129
24130
24131
24132
24133
24135
24137
24139
24140
24141
24144
24157
24162
24164
24176
24179
24181
24190
24193
24194
24197
24199
24201
24207
24209
24210
24213
24217
24218
24223
24233
24237
24238
24241
24242
24243
24244
24247
24257
24260
24261
24263
24264
24265
24268
24271
24272
24274
24275
24278
24279
24283
24288
24289
24292
24294
24298
24299
24300
24301
24303
24304
24307
24311
24312
24313
24314
24317
24318
24321
24324
