country	local_id	type	day	month	year	participant_age	participant_gender	participant_occupation	participant_education	participant_nationality	hh_size	hh_age_1	hh_age_2	hh_age_3	hh_age_4	hh_age_5	hh_age_6	hh_age_7	hh_age_8	hh_age_9	hh_age_10	hh_age_11	hh_age_12	hh_age_13	hh_age_14	hh_age_15	hh_age_16	hh_age_17	hh_age_18	hh_age_19	hh_age_20	class_size	work_contacts	work_contact_nr	child_care	child_relationship	child_nationality	problems	diary_how	diary_missed_unsp	dayofweek
NL	19	3	4	6	2006	4	F	1	2	NL	5	4	4	6	32	36																			Y	1	NL	Y	1	2	0
NL	20	3	29	6	2006	6	M	3	5	NL	5	1	6	6	33	38																			Y		NL		4	2	4
NL	21	3	23	6	2006	4	M	3	2	NL	4	0	4	31	35																				Y	1	NL	Y	2	2	5
NL	22	3	4	7	2006	5	M	3	5	NL	4	4	5	37	37																				Y	1	NL	Y	4	4	2
NL	23	3	2	6	2006	4	M	1	5	NL	5	4	6	8	45	50																			Y	1	NL	Y	1	3	5
NL	24	3	3	7	2006	0	F	1	5	NL	3	0	31	31																					N	1	NL	N	1	1	1
NL	25	3	22	6	2006	3	M	1	5	NL	3	3	44	46																					Y	1	NL	N	1	1	4
NL	26	3	16	6	2006	4	M	3	2	NL	4	4	12	33	39																				Y	1	NL	Y	3	4	6
NL	27	3	18	6	2006	0	F	1	5	NL	4	0	2	36	36																				N	1	NL	N	2	2	0
NL	28	3	2	6	2006	3	F	3	2	NL	5	3	7	10	34	42																			Y	1	NL	N	3	1	5
NL	29	3	8	6	2006	1	F		0	SO	2	4	10	29																					Y	1	NL	Y	1		2
NL	30	3	4	6	2006	6	M	6	2	NL	4	3	6	33	34																				Y	1	NL	N	3	1	0
NL	31	3	4	4	2006	3	M	3	6	EU	4	4	6	37	43																				Y	1	EU	N	1	4	4
NL	32	3	9	6	2006	8	F	1	3	NL	5	4	6	8	40	42																			Y	1	NL	N	2	1	5
NL	33	3	20	5	2006	1	F	3	3	NL	5	2	6	8	37	47																			N	1	NL	N	3	1	6
NL	34	3	8	6	2006	5	F	1	3	NL	4	5	10	37	42																				Y	1	NL	N	2	4	4
NL	35	3	13	6	2006	2	F	1	6	NL	4	2	4	35	35																				Y	1	NL	N	1	2	2
NL	36	3	16	6	2006	6	F	1	2	NL	3	6	39	39																					Y	1	NL	N	2	3	5
NL	37	3					F	1	3	NL	4	0	2	34	41																				N	2	NL				4
NL	38	3	5	6	2006	0	M	1	6	NL	3	0	35	39																					Y	1	NL	N	2	1	1
NL	39	3	27	5	2006	8	M	1	6	NL	3	8	45	48																					Y	1	NL	Y	2	2	6
NL	40	3	18	5	2006	7	M	1	3	NL	3	5	7	43																					Y	2	NL	N	2	4	4
NL	41	3	22	5	2006	0	F	1	2	NL	3	0	31	33																					Y	1	NL	N	1	1	1
NL	42	3	18	5	2006	8	F	6	3	NL	5	6	8	11	41	47																			Y	1	NL	N	3	4	3
NL	43	3					F	1	5	NL	3	0	26	37																					N	1	DE				0
NL	44	3	30	4	2006	1	F	3	5	NL	4	1	3	34	48																				N	1	NL	N	2	1	0
NL	45	3	12	5	2006	6	F	1	5	NL	4	4	6	40	40																				Y	1	NL	N	3	2	5
NL	46	3	16	5	2006	0	M	3	6	NL	5	0	2	5	32	34																			N	1	NL	Y	2	3	2
NL	47	3	18	5	2006	7	F	5	2	NL	3	7	11	41																					Y	1	NL	N	1	4	6
NL	48	3	26	4	2006	4	F	1	3	NL	5	4	8	11	38	41																			Y	1	NL	Y	3	2	3
NL	49	3	8	4	2006	0	F	1	5	NL	4	0	2	30	34																				N	1	NL		1	1	6
NL	50	3	21	4	2006	6	M	3	5	NL	4	6	8	37	40																				Y	1	NL	N	2	2	5
NL	51	3	17	4	2006	1	F	3	2	NL	4	1	4	32	33																				N	1	NL	N	2	1	1
NL	52	3	19	4	2006	7	F	1	5	NL	4	3	7	39	39																				Y	1	NL	Y	1	2	3
NL	53	3	20	4	2006	5	F	1	5	NL	5	2	5	7	37	39																			Y	1	NL	Y	2	3	4
NL	54	3	16	4	2006	1	M	1	6	NL	4	1	1	42	46																				Y	1	NL	N	1	1	0
NL	55	3	5	4	2006	2	M	1	5	NL	4	2	4	33	51																				Y	2	NL	Y	1		3
NL	56	3	17	3	2006	2	M	1	2	NL	4	2	4	35	37																				Y	1	NL	Y	1	4	5
NL	57	3	20	3	2006	3	F	3	2	NL	5	3	6	9	37	42																			Y	1	NL	N	3	1	1
NL	58	3					M	1	2	NL	5	1	3	6	35	38																			Y	1	NL				4
NL	59	3	26	3	2006	1	F	1	6	NL	3	1	38	54																					N	1	NL	Y	2	2	0
NL	60	3	10	4	2006	2	F	1	3	NL	4	2	3	31	39																				N	1	NL		1	1	1
NL	61	3	4	4	2006	0	M	4	2	NL	3	0	40	43																					N	2	NL	N	1	1	6
NL	62	3	18	3	2006	0	F	1	2	NL	4	0	4	32	33																				N	1	NL	N	3	1	6
NL	63	3	10	4	2006	3	M	3	0	NL	6	0	3	24	26	50	50																		N	5	NL	N	1	1	6
NL	64	3	27	3	2006	5	M	1	5	EU	4	5	7	40	47																				Y	1	NL		1	1	1
NL	65	3					F	7	2	NL	5	3	6	8	35	37																			N	1	NL	N	1	1	2
NL	66	3	14	2	2006	0	F	1	2	NL	5	0	6	9	32	36																			N	1	NL	N	2	1	2
NL	67	3	13	2	2006	2	F	1	2	NL	5	0	2	5	39	50																			Y	1	NL		2	1	1
NL	68	3	15	2	2006	0	M	4	2	NL	4	0	2	30	35																				Y	1	NL	N	3	1	3
NL	69	3	19	2	2006	0	F	1	2	NL	2	0																							N	1	NL		2	1	0
NL	70	3	16	2	2006	8	F	6	2	NL	3	8	50	54																					Y	1	NL	Y	2	3	4
NL	71	3	27	2	2006	4	M	1	5	NL	5	0	4	7	36	38																			Y	1	NL	N	2	1	1
NL	72	3					M	6	2	NL	3	0	30	37																					N	1	NL	N	1	1	6
NL	73	3	11	2	2006	3	M	1	2	NL	3	3	38	42																					Y	1	NL	N	1	1	5
NL	74	3	9	2	2006	7	F	1	5	NL	5	7	10	13	39	42																			Y	1	NL	N	4	2	4
NL	75	2	24	3	2006	11	M	5		NL	6	7	11	12	14	42	47															16						N	1	2	5
NL	76	2	18	3	2006	17	M	5		NL	4	13	17	47	51																	27	N					N	1	2	0
NL	77	2	21	3	2006	11	M	5		NL	2	44																				25						N	4	3	2
NL	78	2	15	2	2006	10	F	5		NL	4	7	10	38	40																	29							2	3	3
NL	79	2	14	2	2006	11	F	5		NL	6	10	11	16	19	47	48															29	N					N	2	2	2
NL	80	2	21	2	2006	15	F	5		NL	5	9	12	14	44	44																24						N	2	2	4
NL	81	2	15	2	2006	17	M	6		NL	4	17	19	51	67																	25	Y	40				N	1	2	3
NL	82	2	20	2	2006	11	F	5		NL	4	11	13	39	40																	32							4	1	1
NL	83	2	8	2	2006	15	F	5		NL	5	12	15	17	41	43																25						N	2	2	4
NL	84	2	19	2	2006	16	M	5		NL	5	11	16	18	49	50																25	N					N	3	1	0
NL	85	2	10	2	2006	14	F	5		NL	4	10	14	39	40																	16						N	2	2	5
NL	86	2	15	5	2006	12	F	5		NL	4	12	16	44	47																	31						Y	3	4	2
NL	87	2	15	5	2006	11	F	5		NL	6	11	13	14	16	48	51															26						N	2	2	1
NL	88	2	29	4	2006	11	M	5		NL	4	11	13	46	47																	27						Y	1	1	6
NL	89	2	17	3	2006	13	F	5		NL	4	13	16	40	45																	23	N					N	2	1	5
NL	90	2	17	3	2006	15	M	5		NL	5	12	15	17	48	50																30	Y	150				N	2	4	1
NL	91	2	23	3	2006	12	F	5		NL	7	12	12	14	16	17	47	51														26							2	2	4
NL	92	2	3	4	2006	11	M	5		NL	4	11	13	42	45																	23						Y	1	2	1
NL	93	2	17	4	2006	10	F	5		NL	4	10	14	41	41																	28	N					N	1	1	0
NL	94	2	24	4	2006	11	F	5		NL	4	9	11	41	46																	22						N	2	2	1
NL	95	2	21	4	2006	12	M	5		NL	5	8	10	12	41	47																27						N	2	1	5
NL	96	2	10	4	2006	11	M	5		NL	4	8	11	35	40																	25						N	2	2	1
NL	97	2	25	4	2006	16	F	5		NL	3	16	51	52																		30						N	2	2	2
NL	98	2	26	6	2006	13	M	5		NL	4	13	16	40	42																	27						N	1	1	1
NL	99	2	24	6	2006	12	F	5		NL	4	10	12	43	43																	25						Y	3	2	6
NL	100	2	2	6	2006	14	M	5		NL	4	11	14		50																	35	N					N	3	4	5
NL	101	2	18	6	2006	13	M	5		NL	4	13	16	43	43																	27	N						2	3	1
NL	102	2	18	6	2006	13	F	5		NL	4	9	13	45	48																	16						N	2	2	0
NL	103	2	12	6	2006	11	M	5		NL	4	8	11	42	45																	33							2	2	1
NL	104	2	15	6	2006	10	M	5		DE	4	10	14	39	45																	21						N	2	3	4
NL	105	2	2	6	2006	15	M	5		NL	4	15	18	48	50																	30	N					Y	1	4	5
NL	106	2	11	6	2006	16	F	5		NL	4	16	17	47	47																								2	4	0
NL	107	2	11	6	2006	14	F	5		NL	4	12	14	43	46																	26						N	2	2	0
NL	108	2	18	6	2006	11	F	5		NL	4	8	11	35	38																	32						N	1	1	0
NL	109	2	19	6	2006	11	M	5		NL	5	6	10	11	39	44																34						N	2	4	6
NL	110	2	17	6	2006	15	F	6		NL	5	15	17	19	47	51																27	N					N	2	2	6
NL	111	2	17	6	2006	16	M	5		NL	3	9	16	48																									1	2	6
NL	112	2	10	6	2006	12	F	5		NL	4	12	14	40	42																	26						N	2	2	6
NL	113	2	11	6	2006	14	M	5		NL	4	12	14	40	42																	26						N	1	1	0
NL	114	2	2	6	2006	13	M	5		NL	2	13	48																			27						N	2	2	5
NL	115	2	22	5	2006	13	M	5		NL	4	9	13	42	46																	30						N	1	2	1
NL	116	2	23	5	2006	13	F	5		NL	3	13	43	53																		31	N					N	2	1	2
NL	117	1	20	3	2006	51	F	7	5	NL	1	51																					N					N	2	1	1
NL	118	1	19	3	2006	25	F	1	3	NL	2	25	27																				N						2	1	0
NL	119	1	20	2	2006	28	M	1	5	NL	2	28	29																				N						1	2	1
NL	120	1	20	2	2006	65	M	2	2	NL	2	63	65																				N					N	1	1	1
NL	121	1					M	5	0	NL	4	13	18	47	57																		N								0
NL	122	1	14	2	2006	66	F	3	2	NL	1	66																					N						1	1	2
NL	123	1	23	2	2006	71	F	3	2	NL	2	71	78																				N						1	3	4
NL	124	1	22	2	2006	68	F	3	2	NL	2	68	68																									N	2	1	3
NL	125	1	18	2	2006	18	F	5	2	NL	4	18	19	41	46																		N					N	3	2	6
NL	126	1	9	2	2006	21	F	5	2	NL	4	18	21	45	49																		N						1	1	4
NL	127	1	9	2	2006	74	M	2	2	NL	2	73	74																				N						2	1	4
NL	128	1	10	2	2006	47	M	1	5	NL	4	9	12	44	47																		Y	10					4	1	5
NL	129	1	25	2	2006	45	F	1	5	NL	4	8	13	16	45																		Y	20					2	2	4
NL	130	1	18	2	2006	64	F	7	5	NL	1																						N					N	1	1	6
NL	131	1	18	2	2006	48	F	4	2	NL	2	48	53																				N						3	1	5
NL	132	1	15	2	2006	60	M	1	5	NL	2	56																					Y	100				N	2	1	3
NL	133	1	14	2	2006	59	M	1	2	NL	2	59	59																				Y	30				N	2	4	2
NL	134	1	19	2	2006	34	F	1	3	NL	1																						Y	150				N	2	1	0
NL	135	1	17	2	2006	41	M	3	2	NL	2	65																					N					N	1		5
NL	136	1	15	2	2006	38	F	1	2	NL	4	4	6	36	38																		Y	40				N	1	4	3
NL	137	1	16	3	2006	28	M	1	2	NL	3	1	23	28																			Y	20				N	2	4	4
NL	138	1	14	3	2006	57	M	1	5	NL	2	56	57																				Y	5					2		2
NL	139	1	14	3	2006	78	M	2	2	NL	2	76	78																				N					N	2	1	2
NL	140	1	10	2	2006	62	F																																2	2	5
NL	141	1	13	2	2006	63	M	2	2	NL	2	50	63																				N						2	1	1
NL	142	1	7	2	2006	65	F	3	2	NL	2	65	65																				N						1	1	2
NL	143	1	13	2	2006	65	F	3	2	NL	2	64	65																				N					N	2	1	1
NL	144	1	12	2	2006	55	F	3	2	NL	2	55	59																				N					N	2	1	0
NL	145	1	9	2	2006	47	M	1	2	NL	3	10	47	47																			N					N	2	1	4
NL	146	1	10	2	2006	29	M	1	2	NL	4	0	3	29	31																		N					N	1	2	5
NL	147	1	27	7	2006	27	F	1	2	NL	2	26	27																				Y	30				N	3	1	6
NL	148	1	15	6	2006	62	M	2	2	NL	2	57	63																				N					N	4		4
NL	149	1	5	7	2006	53	F	1	5	NL	4	20	22	27	53																		Y	55				N	1	4	2
NL	150	1	22	6	2006	33	F	3	2	NL	4	8	10	33	40																		N					N	3	2	4
NL	151	1	15	6	2006	34	F	1	5	NL	1																						N						3	1	4
NL	152	1	24	6	2006	63	M	2	5	NL	2	60	63																				N						3	2	6
NL	153	1	25	6	2006	27	M	1	2	NL	2	27	32																				Y	20				N	1	1	0
NL	154	1	23	6	2006	69	F	3	2	NL	1																						N						4	1	5
NL	155	2	21	6	2006	10	M	5		NL	5	11	14	15	39	47																18						N	1	2	3
NL	156	2					M			NL																															0
NL	158	1	13	2	2006	38	F	7	3	NL	2	38	42																				Y	45					2	2	1
NL	159	1	19	2	2006	62	F	3	2	NL	2	62	65																				N					N	2	4	0
NL	160	1					M	2	2	NL	2	67	67																				N	10				N	2		3
NL	161	1	23	6	2006	23	F	1	2	NL	3	23	62	71																			Y	60				N	2	4	5
NL	162	1	25	6	2006	26	M	1	5	NL	4	1	8	26	30																		N						2	4	5
NL	163	1	26	6	2006	63	F	3	2	NL	2	63	64																				N						3	1	0
NL	164	1	22	6	2006	48	M	1	5	NL	5	10	14	17	42	48																	Y	100				N	1	4	4
NL	165	1	16	6	2006	57	M	1	2	NL	3	30	57	62																			Y	9					1	2	5
NL	166	1	26	6	2006	67	F	2	5	NL	1																											N	1	1	1
NL	167	1	25	6	2006	20	F	1	2	NL	4	20	22	42	46																		Y	30				N	2	1	0
NL	168	1	21	6	2006	32	F	1	2	NL	3	3	32	36																			Y	30				N	1	1	3
NL	169	1	22	6	2006	72	M	2	2	NL	2	72	72																				N						1	1	4
NL	170	1	26	6	2006	51	F	1	2	NL	2	51	52																				Y	10				N	2	1	1
NL	171	1	23	6	2006	62	M	1	2	NL	2	59	62																				Y	8				N	1	1	3
NL	172	1	22	6	2006	56	M	1	5	NL	2	53																					Y	150				N	1	2	3
NL	173	1	21	6	2006	21	M	1	2	NL	4	17	21	44	44																		Y	20				N	3	1	3
NL	174	1	21	6	2006	40	F	3	2	NL	5	3	7	11	40	40																	N					N	3	1	3
NL	175	1	19	6	2006	69	F	3	2	NL	2	68																					N					N	2	2	1
NL	176	1	12	5	2006	22	M	1	2	NL	4	1	22	44	45																		Y	12				N	1	1	6
NL	177	1	14	6	2006	29	F	1	2	NL	2	29	43																				Y	75				N	2	4	3
NL	178	1	15	6	2006	26	F	1	2	NL	3	26	49	50																			Y	20				N	2	1	0
NL	179	1					F	3	2	NL	4	6	9	42	43																		N								4
NL	180	1	18	6	2006	60	F	7	2	NL	2	59	60																				N					N	2	1	5
NL	181	1	16	6	2006	33	M	1	2	NL	2	27																					Y	12				N	2	2	5
NL	182	1	17	6	2006	74	F	3		NL	1																						N					N	2	1	6
NL	183	1					F	6	2	NL	3	28	37	49																			N								4
NL	184	1	14	6	2006	53	F	7	2	NL	2	53	55																				N					N	2	1	3
NL	185	1	13	6	2006	77	M	2		NL	2	78	80																				N					N	1	1	2
NL	186	1	10	6	2006	37	M	1	2	NL	1	27																					Y	15					3	2	6
NL	187	1	21	5	2006	60	F	6	5	NL	2	61	64																				Y	30				N	2	1	0
NL	188	1	10	6	2006	54	M	1	5	NL	2	54	58																				Y	15				N	1	1	3
NL	189	1	13	6	2006	42	M	1	5	NL	1	42																					N						2	2	2
NL	190	1	12	6	2006	63	M	2	2	NL	2	60	63																										1	3	0
NL	191	1	10	6	2006	39	M	1	2	NL	4	3	8	36	39																		Y	20					1	3	6
NL	192	1	13	6	2006	45	F	1	2	NL	2	17	45																				Y	7				N	2	1	2
NL	193	1	4	6	2006	71	F	3	2	NL	2	67	71																				N						1	1	0
NL	194	1	7	6	2006	70	F	2	2	NL	1	70																					N						2	1	3
NL	195	1	9	6	2006	60	F	3	1	NL	1	60																					N					N	1	1	4
NL	196	1	1	6	2006	58	F	3	2	NL	2	58	61																				N						1	3	4
NL	197	1	5	6	2006	69	F	2	2	NL	2	69	72																				N					N	2	1	1
NL	198	1	3	6	2006	18	M	5	2	NL	3	18	45	46																			N					N	2	2	6
NL	199	1	8	6	2006	51	M	1	2	NL	3	22	51	51																			Y	10					4	1	4
NL	200	1	2	6	2006	76	F	2	2	NL	2	76	77																				N					N	3	1	5
NL	201	1	6	6	2006	22	M	1	5	NL	3	53	54																				Y	40				N	2	1	0
NL	202	1	2	6	2006	77	M	2	1	NL	2	77	78																				N						2	1	5
NL	203	1	13	6	2006	70	M	1	2	NL	2	70	73																				Y	110				N	1	4	2
NL	204	1	9	6	2006	36	F	1	5	NL	4	5	8	36	37																		Y						3	1	5
NL	205	1	3	6	2006	72	M	2	3	NL	1	72																					N					N	1	2	6
NL	206	1	31	5	2006	61	M	2	2	NL	3	32	59	61																			N						1	1	2
NL	207	1	30	5	2006	23	F	1	2	NL	2	27																					Y	30					1	4	2
NL	208	1	31	5	2006	28	F	1	5	NL	3	1	28	31																			Y	10				N	2	2	3
NL	209	1	27	5	2006	77	M	2	5	NL	1	77																					N					N	1	3	6
NL	210	1	29	5	2006	58	F	1	5	NL	3	18	55																				N					N	4	1	1
NL	211	1	18	5	2006	73	M	2	2	NL	2	65	73																				N					N	3	1	4
NL	212	1	17	5	2006	37	M	1	5	NL	2	37																					Y					N	2	3	3
NL	213	1	18	5	2006	45	M	1	2	NL	3	12	15	45																			N	8				N	3	1	4
NL	214	1	27	5	2006	60	M	1	3	NL	7	4	10	11	15	16	60	60															Y	2				N	1	3	3
NL	215	1	21	5	2006	43	M	1	2	NL	4	7	9	40	43																		N						2	3	0
NL	216	1	22	5	2006	18	F	1	2	NL	5	12	16	18																			Y	100				N	2	4	1
NL	217	1	19	5	2006	39	M	1	2	NL	4	3	3	35	39																							Y	1	2	5
NL	218	1	18	5	2006	55	M	1	5	NL	4	20	23	48	55																		Y	50					1	2	4
NL	219	1	21	5	2006	72	F	3	2	NL	2	44	72																				N						1		5
NL	220	1	17	5	2006	53	M	1	5	NL	4	19	21	49	53																		N					N	3	2	3
NL	221	1	16	5	2006	48	F	1	2	NL	4	22	24	48	52																		Y	20				N	1	2	2
NL	222	1	16	5	2006	66	M	2	2	NL	2	64																					N					N	1	1	2
NL	223	1	12	5	2006	47	M	1	6	NL	4	8	14	46	47																		N					N	2	1	5
NL	224	1	11	5	2006	31	F	1	5	DE	1																						Y	9				N	3	2	4
NL	225	1	17	4	2006	48	M	1	5	NL	4	8	10	43																			Y	50					2	1	1
NL	226	1	22	3	2006	42	F	1	5	NL	4	11	15	42	45																		Y	30				N	3	1	6
NL	227	1	16	4	2006	71	M																																2	1	5
NL	228	1	22	4	2006	50	F	1	5	NL	2	50	54																				N					N	2	1	6
NL	229	1					M	1	6	NL	2	52																					Y	40				N	2	4	3
NL	230	1	26	4	2006	65	F	6	5	NL	2	65	68																				Y	30				N	4	1	3
NL	231	1	25	4	2006	46	M	1	5	NL	4	8	11	41	46																		N					N	2	2	2
NL	232	1	24	4	2006	39	M	1	6	NL	5	2	4	6	38	39																	Y	30				Y	1	2	1
NL	233	1	20	4	2006	18	M	5	2	NL	4	15	18	46	49																		Y	50					2	4	4
NL	234	1	25	4	2006	78	F	2	5	NL	1																						N					N	2	1	2
NL	235	1	23	4	2006	51	F	1	6	NL	2	51	53																				Y	25				Y	2	3	0
NL	236	1	22	4	2006	76	M	2	5	NL	2	73	76																				N						1	1	5
NL	237	1	20	4	2006	65	M	2	2	NL	2	65	65																				N					N	1	1	4
NL	238	1	23	4	2006	56	F	3	6	NL	3	17	52	56																			N					N	1	1	6
NL	239	1	16	4	2006	27	F	1	6	NL	1	27																					Y	18					1	1	0
NL	240	1	23	4	2006	53	F	1	5	NL	2	61																					Y	50					2	1	0
NL	241	1	24	4	2006	71	M	2	2	NL	2	51	71																				N						2	1	1
NL	242	1	22	4	2006	27	M	1	3	NL	2																						Y	15					1	2	6
NL	243	1	24	4	2006	19	F	5	2	NL	4	19	22	48	54																		Y	30				Y	1	3	1
NL	244	1	21	4	2006	25	F	4	5	NL	2	27																					N					N	4	1	5
NL	245	1	22	4	2006	73	F	2	2	NL	2	73	80																				N					N	1	1	6
NL	246	1	17	4	2006	76	M	2	3	NL	2	66	76																				N					N	1	2	1
NL	247	1	13	4	2006	36	F	1	3	NL	4	6	11	35	36																		N					N	1	2	4
NL	248	1	17	4	2006	42	M	1	5	NL	1																						N					N	1		1
NL	249	1	16	4	2006	78	F	3	1	NL	2	78	80																				N					N	1	1	0
NL	250	1	10	4	2006	48	F	1	5	NL	4	13	15	48	50																		Y	20					4	1	1
NL	251	1	10	4	2006	63	M	2	2	NL	2	60																					N					N	2	1	0
NL	252	1	15	4	2006	65	F	3	2	NL	2	65	72																				N						2	2	6
NL	253	1	16	4	2006	38	M	1	2	NL	4	4	7	35	38																		Y	40				N	2	1	0
NL	254	1	13	4	2006	26	M	1	2	NL	2	26	26																				Y	20				N	2	1	4
NL	255	1	11	4	2006	77	F	2	1	NL	2	59	77																				N						1	1	2
NL	256	1	8	4	2006	34	M	1	5	NL	3	3	34	39																			Y	20				N	3	3	6
NL	257	1	12	4	2006	66	F	3	2	NL	2	66	72																				N					N	2	2	3
NL	258	1	8	4	2006	59	F	3	2	NL	2	59	59																				N						2	1	6
NL	259	1	5	9	2006	24	M	1	5	NL	2	25																					N						2	2	3
NL	260	1	6	4	2006	70	M	2	5	NL	2	70	70																				N						1	1	4
NL	261	1	10	4	2006	21	F	1	2	NL	5	18	21	21	47	47																	Y	550				N	2	3	1
NL	262	1	4	4	2006	65	F	2	6	NL	2	58	65																				N						1	1	2
NL	263	1	19	3	2006	72	M	1	2	NL	2	71	72																				Y	20					1	4	0
NL	264	1	22	3	2006	51	F	1	5	NL	4	18	20	50	51																		Y	30					2	1	3
NL	265	1	25	3	2006	79	M	2	5	NL	3	26	59	79																			N					N	2	1	6
NL	266	1	22	3	2006	39	M	1	2	NL	4	5	8	39	42																		Y	10				N	2	2	3
NL	267	1	28	3	2006	22	M	5	2	NL	2	22	50																				N						4	1	2
NL	268	1	12	4	2006	42	F	1	3	UK	4	16	20	42	54																		Y	30				N	1	3	3
NL	269	1	11	4	2006	55	M	1	2	NL	2	53	55																				Y	30				Y	2	4	2
NL	270	1	10	4	2006	57	M	1	3	NL	2	57	59																				Y	16					1	2	1
NL	271	1	13	3	2006	53	F	1	2	NL	2	50	53																				N	15					2	1	0
NL	272	1	21	3	2006	39	F	1	5	NL	4	7	9	39	43																		N					N	3	1	2
NL	273	1	18	3	2006	78	F	3	3	NL	1	78																					N					N	2	1	6
NL	274	1	22	3	2006	45	M	1	2	NL	4	5	8	45	45																		Y	20					2	3	3
NL	275	1	29	3	2006	24	M	1	6	NL	2	23	24																				Y	4				Y	2	2	3
NL	276	1	29	3	2006	37	F	1	6	NL	3	6	10	37																			Y	90					3	3	5
NL	277	1	27	3	2006	67	F	3	2	NL	2	66	67																				N						2	1	1
NL	278	1	27	3	2006	33	M	1	2	NL	2	28	33																				Y					N	2	1	1
NL	279	1					F	2	2	NL	1																						N								5
NL	280	1	27	3	2006	64	F	2	5	NL	1																						N						4	4	1
NL	281	1	25	3	2006	52	M	2	2	NL	2	51	52																				N						4	1	6
NL	282	1	16	3	2006	20	F	6	3	NL	1																						Y					N	2	2	4
NL	283	1	24	3	2006	58	F	3	2	NL	2	65																					N						2	2	5
NL	284	1	27	3	2006	64	M	2	1	NL	2	62																					N	10				N	1	1	0
NL	285	1	20	3	2006	47	M	1	5	NL	4	14	16	42	47																		N					N	2	2	1
NL	286	1	15	3	2006	67	F	2	2	NL	2	67	74																				N					Y	1	4	3
NL	287	1	19	7	2006	76	F	3	5	NL	2	77	80																				N					N	2	3	3
NL	288	1	6	6	2006	72	M	2		NL	1																											N	2	1	1
NL	494	1	17	9	2006	79	M	2	1	NL	2	79	79																				N	5				N	1	1	0
NL	495	1	15	9	2006	64	F	3	2	NL	2	64	65																				N					N	1	1	5
NL	496	1	16	7	2006	72	F	3	2	NL	2	74	75																				N					N	1	1	6
NL	497	1	13	9	2006	46	F	1	5	NL	1																						N					N	1	1	3
NL	498	1	18	9	2006	33	F	1	5	NL	2	33	44																				N					N	2	1	5
NL	499	1	26	9	2006	64	M	2	2	NL	1																						Y	15				N	2	1	2
NL	500	1	26	9	2006	69	F	2	2	NL	2	69	70																				N					N	2	1	2
NL	501	1	25	9	2006	21	M	1	5	NL	5	15	18	21	50	53																	N					N	2	2	1
NL	502	1	18	9	2006	44	F	4	2	NL	2	44	45																				N					N	2	1	1
NL	503	1	19	9	2006	58	F	3	2	NL	2	58	60																				N					N	1	1	2
NL	504	1	20	9	2006	51	M	1	2	NL	4	10	11	40																			Y	10				N	1	1	2
NL	505	1	21	9	2006	48	M	1	2	NL	1	49																					Y	15				N	1	2	4
NL	506	1	22	9	2006	52	M	1	6	NL	2	50																					Y	15				N	1	2	5
NL	507	1	22	9	2006	74	M	2	2	NL	2	73																					N						1	4	5
NL	508	1	27	9	2006	77	F	3	2	NL	2	75	77																				N						2	1	3
NL	509	1	4	10	2006	25	F	1	5	NL	2	25	30																				Y	35				N	2	1	3
NL	510	1	8	10	2006	55	F	3	2	NL	2	55	56																				N						1	1	0
NL	511	1	1	10	2006	37	F	1	6	NL	3	2	5	37																			Y	50					3	1	0
NL	512	1	3	10	2006	19	F	5	3	NL	4	19	19	23	24																		Y	10				N	2	1	2
NL	513	1	4	10	2006	67	M	2	1	NL	2	64	67																				N						2	1	3
NL	514	1	27	9	2006	40	M	1	2	NL	4	14	16	18	40																		Y	10					2	2	3
NL	515	1	23	10	2006	37	M	1	2	NL	4	0	2	33	37																		N					N	1	1	4
NL	516	1	21	10	2006	64	M	1	3	NL	2	62	64																				Y	6				N	1	2	6
NL	517	1	20	10	2006	62	F		2	NL	1	62																					N						2	1	5
NL	518	1	30	9	2006	56	F	2	2	NL	2	56	63																				N					N	2	1	6
NL	519	1	22	10	2006	56	F		2	NL	2	56	59																				Y	8				N	3	1	0
NL	520	1	19	10	2006	43	F	1	2	NL	2	43	43																				N					Y	1	2	4
NL	521	1	3	10	2006	24	M	1	2	NL	2	23	24																				Y	30					3	1	2
NL	522	1	3	10	2006	78	F	3	2	NL	2	78	88																				N					N	2	1	2
NL	523	1	2	10	2006	76	F		3	NL	1																						N					N	4	1	1
NL	524	1	4	10	2006	43	M	1	5	NL	4	8	42	41	43																		Y	30				N	1	4	3
NL	525	1	27	9	2006	30	M	1	6	NL	3	30	30	33																			Y	7				N	1	1	3
NL	526	1	30	9	2006	18	M	5	3	NL	8	18	18	18	21	22	23	24	25														Y	20				Y	2	1	6
NL	527	1	29	9	2006	65	F	2	5	NL	1																						N						2		5
NL	528	1	2	10	2006	26	F	1	3	NL	4	26	30	55	59																		Y	250				Y	1	4	1
NL	529	1	2	10	2006	38	M	1	6	NL	4	38	35	3	2																		N					N	2	1	1
NL	530	1	29	9	2006	62	M	2	6	NL	2	58	62																				N					N	1	1	5
NL	531	1	3	10	2006	36	M	1	2	NL	4	4	6	35	36																		Y	50				N	3	2	2
NL	532	1	25	9	2006	24	F	1	5	NL	5	18	21	24	48	49																	Y	60				N	1	2	1
NL	533	1					F	2	3	NL	2	67	67																				N								4
NL	534	1	3	10	2006	50	M	1	2	NL	2	45	50																				N						1	2	2
NL	535	1	9	10	2006	23	F	1	2	NL	4	23	24	60	75																		N					N	2	2	1
NL	536	1	30	9	2006	27	F	1	3	NL	3	6	71																				N					N	1	1	6
NL	537	1	6	10	2006	46	F	3	2	NL	4	19	21	46	49																		Y	20				Y	3	1	5
NL	538	1	24	9	2006	35	M	1	5	NL	3	2	35	35																			Y	10					2	1	0
NL	539	1	23	9	2006	32	F	1	5	NL	3	0	29	32																			Y	5					2	1	6
NL	540	1	6	10	2006	41	F	1	3	NL	4	11	12	41	44																		N					N	1	2	5
NL	541	1	9	10	2006	63	F	3	2	NL	2	63	64																				N					N	2	1	1
NL	542	1	3	10	2006	25	F	7	5	NL	2	26	28																				N						1	1	6
NL	543	1	25	10	2006	71	M	2	2	NL	1																											N	1	1	2
NL	544	1	8	10	2006	76	M		1	NL	2	76	69																				N					N	1	1	0
NL	545	1	19	10	2006	48	F	1	2	NL	3	48	20	17																			N						4	1	4
NL	546	1	5	10	2006	52	F	1	6	US	4	15	17	48	52																		Y	10				N	2	2	4
NL	547	1	13	10	2006	48	M	1	6	NL	5	7	10	12	43	48																	Y	50				Y	1		5
NL	548	1	25	10	2006	73	M	2	2	NL	2	73	74																				Y	8					2	1	2
NL	550	1	28	10	2006	40	F	3	2	NL	4	10	8	39	41																		N						2	3	6
NL	551	1					F	2	1	NL	2	69	73																				N								2
NL	552	1	19	10	2006	24	F	1	2	NL	2	24	24																				Y	100					2	1	4
NL	553	1	2	10	2006	19	F	5	3	NL	5	19	23	28	49	51																	Y	30				Y	1	2	1
NL	554	1	2	11	2006	67	F	2	5	NL	2	67	68																				N					N	1	1	4
NL	555	1	3	11	2006	62	F	3	1	NL	2	61	62																				N					N	1	1	0
NL	556	1	2	11	2006	60	M	6	2	NL	2	58	60																				Y	15				N	3	2	4
NL	557	1	31	10	2006	53	F	1	2	NL	2	53	55																				Y	90					2	1	2
NL	558	1	26	10	2006	49	M	1	6	NL	4	17	18	44	49																		N					N	1	1	4
NL	559	1	29	10	2006	27	M	1	5	NL	2	27	27																				Y	2					2	2	0
NL	560	1	28	10	2006	32	F	1	5	NL	3	1	32	32																			Y	10					1	2	6
NL	561	1	30	10	2006	63	M	1	5	NL	2	63	64																				Y	20				N	2	4	1
NL	562	1	18	10	2006	23	F	1	2	NL	4	21	23	48	58																		Y	75				N	2	2	3
NL	563	1	4	11	2006	25	F	1	2	NL	2	25	27																				Y	6					1	1	6
NL	564	1	3	11	2006	29	M	1	2	NL	3	29	27	1																			Y	15				N	2	3	5
NL	565	1	4	11	2006	43	M	1	2	NL	5	12	17	17	43	43																	N						3	1	6
NL	566	1	5	11	2006	50	F	1	5	NL	2	50	50																									Y	2	2	0
NL	567	1	4	11	2006	77	M	2	2	NL	2	71	78																				N						1	1	5
NL	568	1	25	10	2006	73	F	2	5	NL	2	73	80																				N						3	1	3
NL	569	1	26	10	2006	37	M	1	6	NL	4	8	9	37	39																		N					N	2	2	4
NL	570	1	20	10	2006	41	F	5	2	NL	4	14	16	41	41																		Y	25				N	1	2	5
NL	571	1	4	11	2006	35	F	1	6	NL	3	2	35	45																			N						3	1	6
NL	572	1	3	11	2006	78	F	3	1	NL	2	78	82																				N						2		5
NL	573	1	19	11	2006	38	M	1	3	NL	3	1	31	38																			Y	30				N	2	1	0
NL	574	1	15	11	2006	44	M	1	5	CA	2	31	44																				Y	20					2	1	3
NL	575	1	27	10	2006	52	F	1	2	NL	4	19	21	52	55																		Y	50				N	2	2	5
NL	576	1	10	11	2006	45	M	1	2	NL	6	14	18	20	22	44	45																Y	10				N	1	1	5
NL	577	1	18	11	2006	52	F	1	3	NL	3	12	52	58																			Y	25					2	2	6
NL	578	1	17	11	2006	70	M	6	2	NL	2	73																					N					N	1	1	5
NL	579	1	19	11	2006	27	M	1	6	NL	2	27	29																				N						1	1	0
NL	580	1	13	11	2006	48	F	1	3	NL	4	15	18	48	50																		Y	30				N	2	3	1
NL	581	1	15	11	2006	23	F	1	2	NL	3	23	58	81																			N						3	1	3
NL	582	1	8	11	2006	22	M	1	2	NL	1																						N						1	1	3
NL	583	1	14	11	2006	62	M	1	2	NL	2	55	62																				Y	20				N	1	1	1
NL	584	1	11	11	2006	71	F	3	2	NL	2	71	74																				N						2	1	6
NL	585	1	18	11	2006	72	M	2	1	NL	2	70	72																				N						1	1	6
NL	586	1	17	11	2006	56	M	7	2	NL	2	52																					N					N	4	1	5
NL	587	1	20	11	2006	69	F	6	2	NL	2	75																					N						1	1	4
NL	588	1	12	11	2006	42	F	1	2	NL	5	8	12	12	42	45																	Y	15					1	1	6
NL	589	1	11	11	2006	44	M	1	5	NL	1																						Y	20				N	3	2	4
NL	590	1	15	11	2006	22	M	5	5	NL	1	22																					N					N	1	1	3
NL	591	1	14	11	2006	32	F	1	6	NL	4	0	3	32	33																		N						2	1	2
NL	592	1	6	11	2006	35	M	1	6	EU	5	6	9	11	35	35																	N						1	1	1
NL	593	1	13	11	2006	79	M	2	5	NL	1	79																					N					N	1	1	1
NL	594	1	5	10	2006	68	M	2	2	NL	2	68	68																				N					N	2	1	0
NL	595	1	17	11	2006	77	M	2	1	NL	2	77	81																										2	2	4
NL	596	1	15	11	2006	59	F	1	3	NL	1																						Y	35				N	1	1	2
NL	597	1	10	3	2007	39	M	1	2	NL	4	5	8	39	41																		Y	25				N	1	1	6
NL	598	1	4	3	2007	73	M	2	6	NL	2	70	73																				N					N	4	1	3
NL	599	1	12	3	2007	74	F		2	NL	2	74	75																				N					N	1		6
NL	600	1	10	3	2007	69	M	2	2	NL	2	68	69																				N					N	1	1	6
NL	601	1	8	11	2006	59	F	1	2	NL	2	62																					N					N	1	1	1
NL	602	1	9	11	2006	35	F	6	3	NL	4	5	9	35	38																		Y	6				N	4	1	4
NL	603	1	9	11	2006	20	F	5	3	NL	4	15	20	42	45																		N					N	4	1	4
NL	604	1	6	11	2006	52	F	1	2	NL	3	17	22	52																			Y	20				N	1	2	0
NL	605	1	30	10	2006	73	M	2	2	NL	2	42	43																				N						3	1	1
NL	606	1					F			NL																															2
NL	607	1	22	9	2006	62	F	3	2	NL	2	64																					N						2		5
NL	608	1	16	9	2006	70	M	2	2	NL	2	62	70																				N						2	1	6
NL	609	1	14	12	2006	56	M	1	5	NL	1																						Y	10				N	2	1	4
NL	610	1	28	11	2006	79	F	2	2	NL	1																						N					N	1	1	3
NL	611	1	27	11	2006	59	F	6	2	NL	3	33	43	62	73																		N						1	2	1
NL	612	1	26	11	2006	40	F	1	6	NL	2	40	53																				Y	20					2	1	0
NL	613	1	13	11	2006	26	F	1	2	NL	2	26	33																				Y	40				N	3	1	0
NL	614	1	5	12	2006	21	F	5	3	NL	4	21	38	40	51																		N					N	2	2	2
NL	615	1	20	11	2006	76	F	2	3	NL	2	76	78																				N						1	1	1
NL	616	1	16	9	2006	71	M		2	NL	1																						N						1	3	4
NL	617	1	15	12	2006	67	F	6	5	AN	1																							7				N	2	1	5
NL	618	1	17	12	2006	66	M	1	6	NL	2	66	67																				Y	10				Y	1	4	0
NL	619	1	18	12	2006	56	F	3	2	NL	2	56	60																				N						2	3	4
NL	620	1	18	12	2006	42	F	1	5	NL	4	11	14	42	53																		N					N	2	2	1
NL	621	1	22	10	2006	40	F	1	2	NL	1																						Y	3				Y	1	1	0
NL	622	1	3	12	2006	69	M	6	3	NL	2	69	67																				Y	100				Y	1	4	0
NL	623	1					F			NL																													2	4	4
NL	624	1					F	3	1	NL	1																						N						1	1	3
NL	625	1	20	1	2007	61	M	2	2	NL	2	59	61																				Y	25				Y	3	4	6
NL	626	1	19	1	2007	41	F	1	2	NL	4	9	18	41	47																		Y	6					1	1	5
NL	627	1	22	1	2006	49	F	1	5	NL	3	19	50	52																			Y	40				N	2	3	1
NL	628	1	29	1	2007	60	F	3		NL	2	60	60																				N					N	2	1	1
NL	629	1	22	1	2007	21	M	5	5	NL	5	19	21	23	49	53																	Y	20				N	4	2	1
NL	630	1	20	1	2007	26	F	7	2	NL	2	33																					Y	8				Y	2	1	6
NL	631	1	21	1	2007	68	F	2	2	NL	2	68	68																				N					N	2	1	0
NL	632	1					M	1	2	NL	4	8	10	38	38																		Y	15							1
NL	633	1	23	1	2007	73	M	2	2	NL	2	73	76																				N					N	1	1	2
NL	634	1	24	1	2007	55	F	1	2	NL	2	55	60																				Y	20					1	1	3
NL	635	1	19	1	2007	36	F	1	2	NL	4	7	12	36	41																		Y	20				N	3	1	5
NL	636	1	18	1	2007	37	M	1	2	NL	3	10	37	38																			Y	15				N	2	1	3
NL	637	1	19	1	2007	64	F	3	1	NL	2	64	64																				N						1	1	5
NL	638	1					M	2	2	NL	2	65	66																				Y	10							4
NL	639	1	18	1	2007	77	M	2	6	NL	2	68																					N						2	3	4
NL	640	1	20	9	2006	45	F			NL																												Y	3	4	3
NL	641	1	15	4	2006	61	M	1	2	NL	2	55	61																				Y	30				Y	2	2	5
NL	642	1	3	3	2007	35	F	1	2	NL	4	5	7	35	39																		Y	50				N	3	1	6
NL	643	1	1	3	2007	48	F	1	2	NL	4	13	19	48	48																		N					N	1	1	4
NL	644	1					M	2	2	NL	2	58	62																				N					N	2	1	6
NL	645	1	6	3	2007	75	M	2	2	NL	1																						N						2	1	2
NL	646	1	7	3	2007	55	F	3	2	NL	2	55	61																				N						2	1	3
NL	647	1	2	3	2007	32	M	1	2	NL	3	0	29	32																			Y	15				N	2	2	5
NL	648	1	5	3	2007	65	M	2	2	NL	2	59	65																				N						2	1	1
NL	649	1	4	3	2007	56	M	1	2	NL	2	53	57																				N					N	2	1	0
NL	650	1	13	2	2007	24	M	1	6	NL	4	17	24	51	55																		Y	25				Y	2	2	2
NL	651	1	1	3	2007	68	M	2	2	NL	2	67	68																				N					N	2	1	4
NL	652	1	4	3	2007	64	F	6	3	NL	2	64	70																				Y	3				N	1	1	0
NL	653	1					F	3		NL	2	73	77																				N								5
NL	654	1	4	3	2007	45	F	4	3	NL	2	45	58																				N						1	2	0
NL	655	1	5	3	2007	51	F	7	2	NL	2	51	54																				Y	20					2	4	2
NL	656	1	27	2	2007	30	F	1	2	NL	3	1	30	32																			N	14				N	1	2	2
NL	657	1	25	2	2007	43	F	3	2	NL	4	10	13	42	43																		N					N	2	1	0
NL	658	1	19	2	2007	62	M	2	3	NL	2	61	62																				N						1	1	1
NL	659	1	4	2	2007	57	M	1	2	NL	2	57	54																				Y	15				N	1	1	0
NL	660	1	17	2	2007	52	M	1	6	NL	2	53																					Y	20				N	2	2	6
NL	661	1	17	2	2007	62	F	2	2	NL	2	62	65																				Y	6					2	1	6
NL	662	1	14	2	2007	58	F	1	2	NL	2	58	61																				Y	2				N	1	4	3
NL	663	1	14	2	2007	74	M	2	1	NL	2	68	74																				N	5					1	2	4
NL	664	1					F	6	2	NL	2	60																					N								3
NL	665	1	12	2	2007	19	F	1	3	NL	3	19	51	52																			Y	100				Y	3	2	1
NL	666	1	14	2	2007	60	F	6	2	NL	1	60																					N						2	1	3
NL	667	1	16	2	2007	71	M	2	2	NL	2	71	72																				N	5				Y	2		5
NL	668	1	17	2	2007	52	F	1	5	NL	2	47	52																				Y	60				N	2	1	6
NL	669	1	12	2	2007	70	M	2	5	NL	2	70	71																				N					N	1	4	6
NL	670	1	18	2	2007	79	F	3	2	NL	1	79																					N					N	2	1	0
NL	671	1	18	2	2007	51	M	1	2	NL	4	16	18	50	51																		Y	8				N	1	1	0
NL	672	1	16	2	2007	50	F	1	2	NL	4	19	23	50	62																		N						1	1	5
NL	673	1	4	2	2007	57	M	1	6	NL	4	13	14	55																			Y	5					3	4	0
NL	674	1	12	2	2007	73	F	2	3	NL	1	73																					N					Y	2	1	1
NL	675	1	8	2	2007	60	F	1	2	NL	2	60	60																				Y	23					2	2	4
NL	676	1	26	1	2007	21	F	5	3	NL	4	19	20	21	23																		Y	20					2	1	5
NL	677	1	26	1	2007	29	F	1	2	NL	1																						N						4	1	5
NL	678	1	27	1	2007	70	M	2	2	NL	3	40	68	70																			N						1	3	4
NL	679	1	22	1	2007	53	F	6	2	NL	4	17	27	53	53																		N						2	1	0
NL	680	1	25	1	2007	74	F	3	2	NL	2	74	77																				N					Y	1		3
NL	681	1	27	1	2007	38	F	3	5	NL	6	1	3	5	7	37	38																N						1	2	6
NL	682	1	25	1	2007	51	M	1	6	NL	2	50	51																				N						2	2	4
NL	683	1	12	6	2007	53	F	1	2	NL	3	25	56	53																			Y	20				Y	1	4	2
NL	684	1	8	2	2007	78	M	2	1	NL	2	77	78																				N						4	3	3
NL	685	1	3	2	2007	29	M	6	2	NL	1	29																					N						3	1	6
NL	686	1	31	1	2007	29	F	1	2	NL	2	10	29																				N						2	1	3
NL	687	1	1	2	2007	72	F	3	2	NL	2	70	72																				N						3	1	4
NL	688	1	30	1	2007	33	M	1	6	NL	4	1	3	32																			Y	15				N	4	3	2
NL	689	1	1	2	2007	58	F	2	5	NL	2	58	61																				N						1	1	4
NL	690	1	3	2	2007	39	M	1	2	NL	4	7	10	38	39																		Y	20				N	2	1	6
NL	691	1	2	2	2007	44	F	1	2	NL	4	16	18	44	45																		Y	11				N	3	1	5
NL	693	1	2	2	2007	31	M	1	6	NL	1	31																					Y	5					1	1	5
NL	694	1	5	2	2007	78	F	3	2	NL	2	78	81																				N					N	2	1	1
NL	695	1	3	2	2007	35	F	1	5	NL	3	1	37																				Y	5				N	2	1	6
NL	696	1	6	2	2007	61	M	1	1	NL	1	61																					Y	175				Y	2	4	2
NL	697	1	26	1	2007	29	M	1	3	NL	2	26	29																				N					N	1	1	3
NL	698	1	30	1	2007	71	M	2	3	NL	2	68																					N					N	1	1	2
NL	699	1	12	2	2007	75	M	2	2	NL	1																											N	1	1	1
NL	700	1	7	2	2007	27	M	1	2	NL	2	23																					N						2	1	3
NL	701	1	6	2	2007	66	F		2	NL	2	66	69																				N						1	3	2
NL	702	1	11	2	2007	75	M	2	2	NL	2	75	75																				N						1	1	0
NL	704	1	6	2	2007	52	M	1	5	NL	3	23	51	52																			Y	15				N	2	2	2
NL	705	1	8	2	2007	62	F	2	2	NL	2	61	62																				N					N	2	1	4
NL	706	1	15	3	2007	33	F	1	6	NL	4	1	4	32	33																		Y	25				N	4	3	4
NL	707	1	18	3	2007	69	M	2	2	NL	2	69	69																				N						1		0
NL	708	1	15	3	2007	40	M	1	5	NL	4	4	7	37	40																		Y	10				N	2	2	4
NL	709	1	19	3	2007	56	M	2	6	NL	3	5	50	56																			N					N	1	1	2
NL	710	1	16	3	2007	26	F	1	5	EU	2	27	30																				Y	20				N	2	1	5
NL	711	1	14	3	2007	60	F	1	2	NL	2	61	60																				Y	2				N	1	1	3
NL	712	1	19	3	2007	43	F	3	3	NL	5	11	15	16	43	47																	N					Y	2	3	1
NL	713	1	19	3	2007	60	F	1	5	NL	1																						N	3				N	2	1	0
NL	714	1	20	3	2007	35	F	1	3	NL	2	35	69																				Y	25				N	2	3	2
NL	715	1	22	3	2007	63	F	1	3	NL	2	63	66																				Y	6					1	1	3
NL	716	1					F	1	5	NL	1																						Y	30							6
NL	717	1	3	3	2007	38	F	3	3	NL	3	14	38	46																			N					N	3	1	6
NL	718	1	14	3	2007	56	M	1	5	NL	2	55	56																				Y	30					2	1	3
NL	719	1	12	3	2007	71	M	2	2	NL	2	71	75																				N						3	1	1
NL	721	1	6	3	2007	37	F	1	2	NL	4	4	8	37	41																		Y					N	2	1	2
NL	722	1	8	3	2007	41	F	1	5	NL	3	5	7																				N						2	2	4
NL	723	1	12	3	2007	62	M	2	1	NL	2	59	62																				N					N	2	3	1
NL	724	1	11	3	2007	63	F	3	3	NL	2	63	71																				N						2	1	0
NL	725	1	2	4	2007	40	F	1	3	NL	5	7	9	11	40	40																	Y	20				N	3	1	1
NL	726	1	21	3	2007	19	M	5	1	NL	4	14	19	52	54																		Y	100				N	1	4	3
NL	727	1	27	3	2007	31	F	1	3	NL	3	0	31	38																			Y	50				N	1	1	2
NL	728	1	26	5	2007	76	M	2	3	NL	2	64	76																				N					N	3	1	1
NL	729	1	20	5	2007	51	F	1	6	NL	3	18	47	51																			N						2	1	2
NL	730	1	26	3	2007	56	M	1	5	NL	2	56	56																				Y	20					2	4	1
NL	731	1	31	3	2007	73	M	2	1	NL	1																						N	0				N	1	1	6
NL	732	1	28	3	2007	67	M	2	5	NL	2	25	3	38																			N						2	1	3
NL	733	1					M	1	2	NL	4	91	88	63	62																		Y	30							2
NL	734	1	27	3	2007	72	M	2	2	NL	3	44	72	72																			N						2	1	0
NL	735	1	9	3	2007	43	F	1	5	NL	7	5	8	10	11	13	42	43															Y	15				N	3	1	5
NL	736	1	22	3	2007	57	F	3	2	NL	1																						N					N	1	4	4
NL	737	1	22	3	2007	24	F	6	6	NL	2	24	30																				N						2	2	4
NL	738	1	23	3	2007	35	M	1	5	NL	2	35																					N					N	2	1	4
NL	739	1	23	3	2007	22	F	1	3	NL	2	26																					Y	10				N	1	1	5
NL	740	1	25	3	2007	39	M	1	5	NL	4	3	4	39	39																		Y	11					2	1	0
NL	741	1	25	3	2007	78	F	2	5	NL	2	61	78																				N					N	1	1	0
NL	742	1	24	3	2007	24	M	5	3	NL	8	23	23	24	24	24	24	24	24														Y	20				N	2	2	5
NL	743	1	9	3	2007	68	F	2	5	NL	1	68																					N						1	2	5
NL	744	1	15	3	2007	75	M	2	5	NL	2	73	75																				N	6				Y	3	1	3
NL	745	1	5	4	2007	24	F	1	2	NL	2	24	27																				Y	50				N	4	3	4
NL	746	1	30	3	2007	34	M	1	2	NL	2	31	34																				Y	75					1	2	5
NL	747	1	2	3	2007	47	M	1	6	NL	4	11	13	37	47																		Y	5				N	1	1	5
NL	748	1	1	4	2007	60	F	3	2	NL	2	60	62																				N						1	1	0
NL	749	1	29	3	2007	24	M	1	6	NL	5	20	22	24	49	61																	N						2	1	4
NL	750	1	31	3	2007	68	F	2	2	NL	2	68	70																				N						4	1	6
NL	751	1	30	3	2007	52	F	1	2	NL	3	28	52	57																			Y	12				N	3	2	5
NL	752	1	1	4	2007	62	M	2	5	NL	2	58																					N					N	1	1	0
NL	753	1	8	4	2007	30	M	1	5	NL	2	30	32																				Y	10				N	2	3	6
NL	754	1	8	4	2007	58	M	7	2	NL	2	53	58																				N					N	1	1	0
NL	755	1	5	4	2007	76	F	3	2	NL	2	76	77																				N					N	1	1	4
NL	756	1	6	4	2007	65	F	3	2	NL	2	65	65																				N						2	2	5
NL	757	1	3	4	2007	52	F	1	5	NL	4	13	15	52	55																		Y	20				N	1	2	2
NL	758	1	6	3	2007	64	M	2	1	NL	1	64																					N	7					2	1	5
NL	759	1	7	4	2007	69	F	3	2	NL	2	70																										N	1	2	5
NL	760	1	3	4	2007	64	F	6	2	NL	2	64	64																				N					N	2	1	2
NL	761	1	10	3	2007	37	M	1	2	NL	4	6	9	36	37																		Y	15				N	3	4	6
NL	762	1	4	4	2007	70	M	2	0	NL	2	64	70																				N						2	1	3
NL	763	1	20	4	2007	60	M	1	1	NL	1																						Y	20					2	2	4
NL	764	1	16	4	2007	61	F	2	2	NL	2	61	61																				N					N	1	1	6
NL	765	1	14	4	2007	56	M	1	6	NL	3	18	55	56																			Y	150				Y	2	4	6
NL	766	1	13	4	2007	34	F	3	3	NL	4	6	10	34	36																		N					N	1	1	5
NL	767	1	10	4	2007	49	F	1	2	NL	2	54	49																				Y	120				Y	3		2
NL	768	1	13	4	2007	24	F	1	2	NL	5	14	21	24	54	58																	Y	107				N	4	4	5
NL	770	1	12	4	2007	72	M		2	NL	2	65	72																										1	2	4
NL	772	1	11	4	2007	58	F	1	2	NL	1	58																					Y	60				Y	2	4	3
NL	773	1	29	3	2007	34	F	1	2	NL	1																						N					N	4		4
NL	774	1	9	4	2007	46	M	1	3	NL	5	12	18	19	46	46																	Y	20				N	1	1	1
NL	775	1	12	4	2007	19	M	5	3	NL	4	19	26	49	65																		Y	20				N	2	1	4
NL	776	1	13	4	2007	46	M	1	2	NL	4	9	11	44	46																		Y	4					1	1	5
NL	777	1	28	3	2007	21	M	1	2	NL	1	23																					N					N	2	2	3
NL	778	1	21	1	2007	79	M	2	5	NL	2	79	80																				N					N	1	1	0
NL	779	1	1	10	2006	77	M	2	3	NL	3	48	72	76																								N	1	1	4
NL	780	1	4	2	2007	62	F		2	NL	2	62	66																				N						2	1	0
NL	781	1	24	3	2007	35	M			NL																												Y	3	4	5
NL	782	1	14	3	2007	37	M	1	3	NL	4	3	6	36	37																		N	4				Y	2	2	3
NL	783	1	21	3	2007	47	M	1	2	NL	4	9	12	40	47																		Y	20				N	2	2	3
NL	784	1	6	3	2007	68	F	3	2	NL	2	69	79																				N					Y	1	2	2
NL	785	1	28	4	2007	48	F	1	3	NL	3	15	18	48																								N	2	1	6
NL	786	1					M			NL																															0
NL	787	1	16	6	2007	66	M	2	2	NL	2	64	67																				N					N	1	1	6
NL	788	1					M	1	5	NL	5	6	8	10	42																		N					N	2	1	5
NL	789	1	5	6	2007	71	F	6	1	NL	2	69	71																										2	1	2
NL	790	1	17	4	2007	37	F	1	2	NL	4	1	3	37	37																		N						4	2	2
NL	791	1	18	4	2007	73	F	2	3	NL	2	73	74																				N					Y	4	2	3
NL	792	1	11	4	2007	36	F	1	3	NL	4	1	4	36	38																		Y	10					2	1	3
NL	793	1	19	4	2007	69	M	2	2	NL	2	65																					N					N	1	1	4
NL	794	1	19	4	2007	75	F	3	1	NL	2	75	78																				N					N	2	1	4
NL	795	1	18	4	2007	39	F	1	2	NL	4	4	9	39	41																		N					N	2	2	3
NL	796	1	25	4	2007	59	M	1	2	NL	3	23	57	59																			Y	15				N	4	2	2
NL	797	1	29	4	2007	56	F	1	5	NL	2	56	62																				Y	75					2	1	0
NL	798	1	1	5	2007	71	F	6	2	NL	2	71	78																				N					Y	2	1	2
NL	799	1	27	4	2007	77	F	3	2	NL	2	78																					N						2	1	4
NL	800	1	14	4	2007	33	M	1	2	NL	3	1	28	33																			Y	10				N	1	1	6
NL	801	1	21	4	2007	71	M	2	5	NL	2	69	71																				N	8				N	1	2	6
NL	802	1	22	4	2007	20	F	5	3	NL	5	15	17	20	43	48																	Y	8				N	2	2	0
NL	803	1	5	6	2007	61	M	1	2	NL	3	19	61	64																			Y	35				N	4	2	2
NL	804	1	6	6	2007	32	M	1	2	NL	3	5	30	32																			Y	50				Y	1	3	3
NL	805	1	8	6	2007	22	F	1	3	NL	3	22	47	49																			N					N	2	2	5
NL	806	1	14	6	2007	20	M	6	2	NL	5	15	17	20	45	47																	N					N	3	1	4
NL	807	1	15	6	2007	68	F	3	2	NL	1	68																					N						2	1	5
NL	808	1	16	6	2007	47	M	1	5	NL	4	15	20	43	47																		Y	30					1	1	6
NL	809	1	12	6	2007	37	F	1	2	NL	2	37	44																				Y	25					2	2	2
NL	810	1	17	6	2007	73	M	2	2	NL	2	73	74																				N						2		0
NL	811	1	14	6	2007	48	F	6	2	NL	5	12	18	19	47	48																	Y	11				N	2	2	4
NL	813	1	25	4	2007	46	F	1	2	NL	2	46	46																				N						2	1	3
NL	814	1	23	4	2007	31	F	1	2	NL	3	3	31	36																			Y	6				N	1	4	1
NL	815	1	6	6	2007	36	M	1	2	NL	4	4	7	32	36																		Y	10				N	2	4	3
NL	816	1	13	5	2007	42	M	1	6	NL	2	32	42																				Y	12				N	2	1	0
NL	817	1	11	6	2007	29	F	1	2	NL	1																						Y	50				N	2	4	1
NL	818	1	12	6	2007	62	M	2	6	NL	1																						N					N	2	1	2
NL	819	1	14	6	2007	54	F	1	2	NL	2	54	65																				Y					N	1	1	4
NL	820	1	13	5	2007	36	F	1	6	NL	4	2	4	36	46																		Y	35				N	2	1	0
NL	821	1	15	5	2007	18	F	5	3	NL	2	18	18																				Y	5				N	1	2	2
NL	822	1	4	6	2007	67	M	2	5	NL	4	25	29	65	67																		N					N	1	1	1
NL	823	1	4	6	2007	54	M	1	2	NL	2	54	55																				Y	150				N	1	4	1
NL	824	1	27	6	2007	48	M	1	2	NL	2	40	48																				Y	30				N	1	2	3
NL	825	1	1	6	2007	27	M	1	2	NL	1	27																					Y	20				N	3	2	5
NL	826	1	6	6	2007	79	M	2	2	NL	1																						N					N	1	2	4
NL	827	1	6	6	2007	32	F	1	5	NL	5	4	7	9	32	35																	Y	35					1	3	3
NL	828	1	24	6	2007	76	F	1	2	NL	1																						N					Y	2	1	0
NL	829	1	30	5	2007	39	F	1	6	NL	4	3	5	39	39																		N					N	2	2	3
NL	830	1	2	6	2007	42	F	3	2	NL	4	12	16	42	52																		N					Y	2	4	6
NL	831	1	3	6	2007	47	F	1	2	NL	4	16	18	47	53																		Y	8				N	1	1	0
NL	832	1	3	6	2007	43	F	3	2	NL	4	9	14	42	42																		N					N	1	1	6
NL	833	1	14	5	2007	49	F	3	3	NL	6	8	16	21	24	49	52																N					N	2	1	1
NL	834	1	14	5	2007	62	F	1	5	NL	2	60	62																				Y	20					3	1	1
NL	835	1	8	5	2007	45	M	1	5	NL	2	39	45																				Y	8				N	2	2	2
NL	836	1	12	3	2007	30	F	1	6	NL	2	29																					Y	30				Y	3	3	1
NL	837	1	30	4	2007	41	M	1	6	NL	2	40	41																				N					Y	3	4	1
NL	838	1	2	5	2007	23	M	5	5	NL	1																						N					N	3	1	3
NL	842	1					M	1	6	NL	2	23																					N					Y			5
NL	843	1	11	5	2007	71	F	3	2	NL	1																											N	2	1	5
NL	844	1	12	5	2007	53	M	1	2	NL	2	52	53																				N	14				N	2	1	6
NL	845	1	26	6	2007	29	F	3	2	NL	4	0	3	29	30																		N					N	1	2	1
NL	846	1	29	4	2007	75	F		1	NL	1																						N					N	1		0
NL	847	1	10	5	2007	48	F	1	2	NL	3	17	48	51																			Y	6				N	2	1	4
NL	848	1	28	5	2007	22	M	5	2	NL	2	22	56																				N						3	2	6
NL	849	1	24	4	2007	42	F	4	3	NL	4	11	15	42	44																		Y	15				N	2	2	2
NL	850	1	12	5	2007	53	F	3	2	NL	1																						N						1	1	6
NL	851	1	9	5	2007	30	F	1	6	NL	2	30	31																				Y	20				N	2	2	3
NL	852	1	9	7	2007	32	M	1	2	NL	2	30																					N	9				N	2	1	1
NL	853	1	6	6	2007	44	F	1	2	NL	4	12	15	43	48																		Y	25					1	1	0
NL	854	1	3	5	2007	31	F	1	2	NL	2	22	31																				Y	15				N	1	4	4
NL	855	1	23	4	2007	70	M	1	5	NL	1																						N	2				N	1	1	2
NL	856	1					M	1	2	NL	3	26	52	55																			Y	25				N	4	1	6
NL	857	1	4	5	2007	48	M	1	6	NL	5	12	18	21	46																		Y	20				Y	2	1	5
NL	858	1	27	4	2007	68	F	2	1	NL	2	68	69																				N					N	2	1	5
NL	859	3	14	9	2006	7	M	1	2	NL	5	4	7	8	33	35																			Y	1	NL	N	1	2	4
NL	860	3	16	9	2006	6	F	1	2	NL	4	6	8	36	40																				N	2	NL	N	2	1	5
NL	861	3					F	3	2	NL	4	3	4	32	34																				Y	1	NL				6
NL	862	3	26	9	2006	6	F	1	2	NL	3	6	33	35																					Y	1	NL	Y	3	4	1
NL	863	3	3	10	2006	0	M	3	2	NL	5	0	4	5	36	35																			N	1	NL		4		2
NL	864	3	11	10	2006	0	F	3	2	NL	4	0	9	29	33																				N	1	NL	N	3	1	3
NL	865	3	22	9	2006	5	F	1	6	NL	4	4	5	41	45																				Y	1	NL	Y	1	3	5
NL	866	3	3	10	2006	3	F	6	6	NL	5	3	8	44	48	50																			Y	1	NL	Y	2	1	1
NL	867	3	26	9	2006	0	F	1	6	NL	3	0	29	30																					Y	1	NL		2	1	2
NL	868	3	4	10	2006	0	M	1	6	NL	5	4	5	25	35	38																			N	1	NL		1	2	3
NL	869	3	3	10	2006	0	M	1	2	NL	3	0	23	28																					N	1	NL		1	1	2
NL	870	3	4	10	2006	3	F	7	2	NL	5	3	6	16	34	44																			Y	1	NL	N	1	3	3
NL	871	3	25	10	2006	0	M	1	2	NL	5	0	3	5	37	39																			Y	1	NL		2	1	3
NL	872	3	19	10	2006	3	F	3	5	NL	3	3	30	32																					Y	1	NL	Y	1	2	4
NL	873	3	27	10	2006	2	M	1	5	NL	5	0	2	5	34	39																			Y	1	NL	Y	1	1	4
NL	874	3	27	10	2006	0	F	1	2	NL	3	0	29	31																					N	1	NL	Y	2	2	5
NL	875	3	28	10	2006	7	M	1	3	NL	5	7	10	13	42	44																			Y	1	NL	N	2	1	6
NL	876	3	29	10	2006	7	F	3	3	NL	4	7	9	40	42																				Y	1	NL	N	1	1	0
NL	877	3	6	11	2006	6	F	1	2	NL	3	6	38	44																					Y	1	NL	Y	4	4	1
NL	878	3	4	11	2006	1	M	3	2	NL	4	1	2	37	42																				N	1	NL	N	1	1	6
NL	879	3	1	10	2006	0	F	1	5	NL	4	0	2	31	33																				Y	1	NL	N	1	1	3
NL	880	3					F			MA	8	1	4	6	12	16	18	36	50																Y	1	MA				0
NL	881	3	7	11	2006	0	M	1	6	NL	3	0	35	36																					Y	1	NL	N	2	2	2
NL	882	3	8	11	2006	4	M	1	5	NL	3	3	4	27																					Y	1	NL	N	2	3	3
NL	883	3	10	11	2006	0	F	4	2	NL	4	0	2	33	35																				N	1	NL	N	3	1	4
NL	884	3	10	11	2006	6	M	3	2	NL	4	6	9	46	50																				Y	1	NL	N	4	1	5
NL	885	3	16	11	2006	1	M	1	2	NL	6	2	7	10	12	40	42																		N	2	NL	N	2	1	4
NL	887	3	18	11	2006	8	M	1	6	NL	3	8	12	51																					Y	1	NL	N	2	1	6
NL	888	3					M			SR																											NL				0
NL	889	3	25	11	2006	7	F	1	2	NL	5	7	14	20	48	54																			Y	1	NL	N	2	1	6
NL	890	3	15	12	2006	6	M	7	5	NL	3	6	6	45																					Y	1	NL	Y	1	2	5
NL	891	3	19	1	2007	0	M	1	2	NL	4	0	4	32	33																				N	1	NL	N	2	1	5
NL	892	3					M	1	3	NL	5	48	10	39	43																				Y	2	NL				6
NL	893	3	14	1	2007	7	F	1	2	NL	4	7	7	40	45																				Y	1	NL	Y	2	4	0
NL	894	3	22	1	2007	5	F	1	2	NL	5	5	9	11	40	42																			Y	1	NL	Y	3	4	1
NL	895	3	16	1	2007	8	M	1	2	NL	5	4	8	12	41	43																			Y	1	NL	N	2	1	2
NL	896	3	26	1	2007	0	F	1	5	NL	4	0	2	32	37																				Y	1	NL	N	2	1	5
NL	897	3	25	1	2007	5	M	1	2	NL	2	5																							Y	1	NL		1	1	4
NL	898	3	30	1	2007	0	M	1	2	NL	3	1	29	37																					N	1	NL		2	1	2
NL	899	3	2	2	2007	0	F	1	5	NL	4	0	2	27	38																				Y	1	NL	Y	2	1	5
NL	900	3	1	2	2007	0	M	1	5	NL	4	0	1	40	42																				N	1	NL	N	1	1	4
NL	901	3	31	1	2007	6	F	1	2	NL	4	4	6	31	35																				Y	1	NL	N	3	1	3
NL	902	3	5	2	2007	7	M	1	6	NL	5	4	7	7	39	41																			Y	1	NL	Y	2	2	1
NL	903	3	10	2	2007	4	F	1	5	NL	4	4	6	40	40																				Y	1	NL	Y	2	3	6
NL	904	3	12	2	2007	8	F	1	5	NL	6	3	9	12	13	37	38																		Y	2	NL	N	2	2	1
NL	905	3	18	2	2007	4	F	1	5	NL	3	4	7	39																					Y	2	NL	N	2	1	0
NL	906	3	13	2	2007	6	M	1	2	NL	4	6	14	43	44																				Y	1	NL	N	1	4	2
NL	907	3	4	3	2007	0	F	1	2	NL	3	1	34	31																					Y	1	NL	N	2	1	0
NL	908	3	17	2	2007	7	F	1	5	NL	4	7	9	44	45																				Y	1	NL	N	1	1	6
NL	909	3	16	2	2007	3	M	1	3	MA	3	3	41	42																					Y	1	NL	N	4	1	5
NL	910	3	27	2	2007	2	F	1	2	NL	4	2	33	33	62																				Y	1	NL		2	1	2
NL	911	3	5	3	2007	4	M	1	2	NL	4	2	4	35	38																				Y	1	NL		1	2	1
NL	912	3	4	3	2007	7	F	1	2	NL	4	4	7	37	42																				Y	1	NL	N	1	1	0
NL	913	3	28	2	2007	8	M	1	2	NL	4	8	11	38	40																				N	1	NL	N	2	1	3
NL	914	3	1	3	2007	3	F	3	6	NL	5	1	3	5	36	38																			Y	1	NL	Y	1	1	4
NL	915	3	6	3	2007	8	M	1	3	NL	5	3	8	9	38	38																			Y	1	NL	N	1	3	2
NL	916	3	15	3	2007	1	F	1	2	NL	3	1	34	34																					N	1	NL		1	1	3
NL	917	3	15	3	2007	0	F	1	5	NL	3	0	33	34																					Y	1	NL		1	1	4
NL	918	3	19	3	2007	0	M	1	6	NL	3	0	30	31																					Y	1	NL		2	2	1
NL	919	3	16	3	2007	3	M	3	6	NL	5	3	5	7	37	38																			Y	1	NL	N	3	1	5
NL	920	3	14	3	2007	4	F	3	2	NL	5	4	10	12	33	37																			Y	1	NL	N	4		3
NL	921	3	18	3	2007	8	F	1	5	NL	4	5	8	37	37																				Y	1	NL	N	3	1	6
NL	922	3	18	3	2007	6	M	3	2	NL	5	2	4	6	34	36																			Y	1	NL	N	3	1	0
NL	923	3	22	3	2007	2	M	1	2	NL	3	2	30	43																					Y	1	NL		4	1	4
NL	924	3	20	3	2007	0	F	1	2	NL	3	0	31	32																					N	1	NL		2	1	2
NL	925	3	28	3	2007	7	M	1	2	NL	4	7	10	37	41																				Y	1	NL	Y	1	3	3
NL	926	3	26	3	2007	4	F	1	5	FI	5	0	2	4	35	40																			Y	1	NL	Y	2	4	1
NL	927	3	1	4	2007	2	F	1	5	NL	4	2	3	30	33																				Y	1	NL	N	3	1	0
NL	928	3	27	3	2007	0	M	6	2	NL	4	0	2	32	34																				N	1	NL		2	1	2
NL	929	3	1	4	2007	7	M	3	3	NL	5	4	6	8	36	36																			Y	1	NL	N	2	1	0
NL	930	3	3	4	2007	0	F	3	5	NL	4	0	3	28	28																				N	1	NL		2	1	1
NL	931	3	3	4	2007	4	F	1	2	NL	4	2	4	35	37																				Y	1	NL	N	2	2	2
NL	932	3	4	4	2007	7	M	1	2	NL	4	7	9	38	42																				Y	1	NL	N	1	4	3
NL	933	3	5	4	2007	8	F	3	2	NL	5	5	8	10	35	41																			Y	1	NL	N	4	1	4
NL	934	3	6	4	2007	0	M	1	5	NL	5	0	2	5	31	32																			Y	1	NL	N	2	1	5
NL	935	3	14	4	2007	0	M	1	6	NL	3	0	30	30																					Y	1	NL	N	2	1	6
NL	936	3	17	4	2006	6	M	3	2	NL	4	4	7	35	36																				Y	1	NL	N	2	2	2
NL	937	3	20	4	2007	0	F	4	2	NL	3	0	21	34																					N	1	NL	N	2	1	5
NL	938	3	15	4	2007	5	M	1	2	NL	4	6	10	44	45																				Y	1	NL	Y	2	1	2
NL	939	3	10	5	2007	0	M	1	2	NL	3	0	29	32																					Y	1	NL	Y	1	1	4
NL	940	3	9	5	2007	0	F	1	2	NL	3	0	32	41																					N	1	NL	N	1	2	3
NL	941	3	1	6	2007	0	F	3	3	NL	3	26	37																						N	1	NL	N	1	1	5
NL	942	3	14	6	2007	0	M	1	6	NL	5	0	2	3	31	39																			Y	1	NL	N	2	1	4
NL	943	3	1	6	2007	8	M	1	5	NL	5	8	9	12	40	42																			Y	1	NL	N	4	1	5
NL	944	3	2	6	2007	7	F	1	5	NL	5	2	5	7	41	42																			Y	2	NL	N	2	1	6
NL	945	3	4	6	2007	4	F	1	3	NL	5	1	4	5	29	31																			Y	1	NL	Y	1	3	1
NL	946	3	26	6	2007	0	F	1	3	NL	6	0	3	9	12	36	41																		N	1	NL	N	4	1	2
NL	947	3					F	1	2	NL	4	0	2	25	26																				N	1	NL		2	1	1
NL	948	3	13	6	2007	5	F	4	2	AN	2	5	34																						Y	1	AN	N	1	1	2
NL	949	3	14	6	2007	0	M	3	2	NL	5	0	2	4	30	36																			N	1	NL	Y	1	1	3
NL	950	3	24	6	2007	4	F	1	5	NL	3	4	35	36																					Y	1	NL		3	1	5
NL	951	3	10	5	2007	3	F	3	5	EU	4	2	3	35	36																				Y	1	NL		2	1	4
NL	952	3	4	3	2007	2	M	1	3	NL	5	2	4	5	30	43																			Y	1	NL		3	1	6
NL	953	3	25	11	2006	1	F	1	6	NL	4	1	13	42	46																				N	1	NL	N	2	1	6
NL	954	3					M	3	2	NL	6	6	9	12	14	41	41																		Y	1	NL	N	3	3	3
NL	955	3	4	4	2007	3	M	1	5	NL	4	1	3	33	35																				Y	1	NL	N	1	1	3
NL	956	3	31	1	2007	6	M	1	6	NL	4	4	6	36	41																				Y	1	NL	Y	1	3	3
NL	957	3					F	1	2	NL	4	6	9	34	40																				Y	1	NL				5
NL	958	3	9	11	2006	7	M	1	2	NL	3	7	41	42																					Y	1	NL	N	2	3	4
NL	959	3	19	2	2007	0	M	1	2	NL	4	0	4	35	37																				Y	1	NL	N	2	1	1
NL	960	3	6	10	2006	2	F	1	3	NL	5	2	4	7	33	37																			Y	1	NL	N	3	1	5
NL	961	2	16	9	2006	16	F	5		NL	5	14	16	19	46	46																25	Y	40					3	2	6
NL	962	2	24	9	2006	11	M	5		NL	6	8	11	15	17	42	44															25							1	1	0
NL	963	2	15	9	2006	10	F	5		NL	6	7	7	10	11	45	46															26	N					Y	2	4	5
NL	964	2	27	9	2006	11	M			NL																													4	3	3
NL	965	2	26	9	2006	13	M	5		NL	4	13	16	42	43																	23						Y	1	4	2
NL	966	2	25	10	2006	15	F	5		NL	4	10	14	43	49																	24						N	2	3	1
NL	967	2	27	9	2006	13	M	5		NL	6	13	13	16	18	43	51															16	N					N	3		3
NL	968	2	28	9	2006	11	M	5		NL	4	9	11	42	45																	33						N	3	2	4
NL	969	2	30	9	2006	11	F	5		NL	5	5	9	15	39	42																31						N	1	3	5
NL	970	2	8	10	2006	11	F	5		NL	5	11	11	18	40	43																36						Y	2	2	0
NL	971	2	3	10	2006	13	M	5		NL	6	6	8	11	13	40	42															31							1		2
NL	972	2					F	5		NL	5	9	12	15	45	47																26									5
NL	973	2	8	10	2006	16	M	5		NL	4	13	16	43	49																	22							3	4	0
NL	974	2	24	10	2006	9	F	5		NL	4	4	9	40	41																	30						Y	2	1	2
NL	975	2	18	10	2006	14	F	5		NL	6	4	9	11	14	38	38															24						N	3	2	4
NL	976	2	27	10	2006	9	M	5		NL	4	5	9	37	44																	30						N	2	1	5
NL	977	2	28	10	2006	14	F	5		NL	6	10	12	13	14	41	42															32						N	3	1	6
NL	978	2	25	10	2006	12	M	5		NL	5	9	9	12	39	41																14						N	1	2	4
NL	979	2	25	10	2006	15	F	5		NL	3	15	49	51																		27						N	1	4	3
NL	980	2	24	10	2006	11	F	5		NL	5	8	11	14	45	46																30						N	2	2	2
NL	981	2	30	10	2006	15	M	5		NL	5	15	18	20	49	51																22						N	2	1	1
NL	982	2	6	11	2006	13	F	5		NL	4	10	13	40	49																	25						Y	2	4	1
NL	983	2	1	11	2006	12	M	5		NL	5	7	9	12	41	42																29						N	2	2	3
NL	984	2	31	10	2006	13	M	5		NL	3	13	15	45																		17						N	1	4	2
NL	985	2	8	11	2006	15	M	5		NL	4	15	18	45	47																	29						N	4	1	2
NL	986	2	8	11	2006	11	F	5		NL	5	11	15	17	42	48																22						N	4	2	3
NL	987	2	13	11	2006	12	M	5		NL	5	8	11	16	43	45																30						N	1	2	5
NL	988	2	11	11	2006	17	F	6		NL	3	17	46	49																		18	Y	30				N	1	2	6
NL	989	2	20	11	2006	16	F	5		NL	5	13	16	18	47	50																30	Y	50				N	2	2	1
NL	990	2	28	11	2006	14	F	5		NL	5	3	11	14	43	47																30	N					N	2	2	2
NL	991	2	16	12	2006	11	M	5		NL	3	9	11	52																		35						N	2	1	6
NL	992	2	15	12	2006	12	F	5		NL	5	6	10	12	41	43																25						N	1	2	5
NL	993	2	17	1	2007	13	F	5		NL	4	10	13	41	43																	27						N	4	2	3
NL	994	2	18	1	2007	10	M	5		NL	7	10	12	15	17	18	42	44														26							3	4	4
NL	995	2	20	1	2007	13	M	5		NL	5	10	11	13	40	40																28						N	1	1	6
NL	996	2	21	1	2007	14	M	5		NL	5	11	14	16	40	44																28						N	1	1	0
NL	997	2					M			NL																															6
NL	998	2	26	1	2007	9	M	5		NL	4	9	11	44	47																	29						N	2	3	5
NL	999	2					F	5		NL	5	9	11	13	41	41																22									4
NL	1000	2	4	2	2007	12	M	5		NL	5	12	17	19	48	51																20						N	2	1	0
NL	1001	2	2	2	2007	8	F	5		NL	4	6	8	41	42																	27							1	2	5
NL	1002	2	8	2	2007	13	M	5		NL	3	13	43	47																		22	Y					N	2	1	4
NL	1003	2	10	2	2007	15	M	5		NL	4	11	15	46	50																	75	N					N	2	2	6
NL	1004	2	12	2	2007	16	F	5		NL	5	12	16	18	50	53																25	Y	12				N	1	2	1
NL	1005	2	12	2	2007	12	M	5		NL	4	9	12	45	52																	30						N	1	2	1
NL	1006	2	15	2	2007	12	F	5		NL	4	12	15	43	43																	30	N					N	1	1	4
NL	1007	2	27	3	2007	10	M	5		NL	5	10	16	18	41	42																31	N						2	4	2
NL	1008	2	9	3	2007	14	M	5		NL	6	12	14	15	16	37	45															29						N	1	2	5
NL	1009	2	6	3	2007	15	M	5		NL	4	15	15	49	51																	32						N	2	3	2
NL	1010	2	6	3	2007	13	F	5		NL	4	9	13	41	46																	30							1	1	2
NL	1011	2	9	3	2007	14	F	5		NL	5	12	14	15	46	49																30	N					N	1	2	5
NL	1012	2					M	5		NL	3	10	44	51																		30	N					Y	1	1	6
NL	1013	2	11	3	2007	9	F	5		AN	3	4	9	35																		25						N	2	1	0
NL	1014	2	18	3	2007	15	M	5		NL	4	15	16	43	48																	28							4	1	0
NL	1015	2	13	3	2007	15	F	5		NL	3	13	15	49																		34						N	4	2	2
NL	1016	2	18	3	2007	9	M	5		NL	4	9	14	36	37																	10							2	3	6
NL	1017	2	24	3	2007	9	F	5		NL	4	3	9	35	38																	27						N	1	2	5
NL	1018	2	21	3	2007	12	F	5		AN	2	12	45																			65						N	1	1	3
NL	1019	2	29	3	2007	17	F	5		NL	5	14	17	17	47	49																						N	2	2	4
NL	1020	2	29	3	2007	17	F	5		NL	3	17	19	45																		18	Y	30				N	1	3	4
NL	1021	2	28	3	2007	12	M	5		NL	5	8	10	12	43	49																28						Y	1	1	3
NL	1022	2	3	4	2007	11	F	5		NL	5	8	11	13	40	45																23	N					N	2	2	2
NL	1023	2	2	4	2007	9	F	5		NL	4	6	9	39	40																	29						N	2	2	1
NL	1024	2	1	4	2007	11	M	5		NL	5	8	11	14	43	46																17						N	1	1	0
NL	1025	2	4	4	2007	12	M	5		NL	4	12	14	43	44																	28						N	1	4	3
NL	1026	2					M	5		NL	7	7	9	16	18	19																						N	1	2	0
NL	1028	2	14	4	2006	15	M	5		NL	7	9	14	16	18	49	55															20	Y	15				N	2	2	3
NL	1029	2	16	2	2007	15	F	5		NL	4	15	17	47	47																	25						N	2	3	5
NL	1030	2	17	2	2007	14	M	5		NL	3	14	42	44																		17						N	2	2	6
NL	1031	2	18	2	2007	10	F	5		NL	3	10	38	41																		31							1	1	0
NL	1032	2	17	4	2007	14	M	5		NL	4	10	12	45	45																	30						N	1	1	2
NL	1033	2	14	4	2007	14	F	5		NL	5	14	17	19	44	48																25						Y	2	4	6
NL	1034	2	17	4	2007	9	F	5		NL	5	9	13	14	41	42																25						N	2	2	2
NL	1035	2	16	4	2007	13	F	5		NL	3	13	50	52																		22	N						1	1	3
NL	1036	2					M			NL																															2
NL	1037	2					F	5		NL	4	10	12	36	40																	21						Y	1		1
NL	1038	2	23	4	2007	12	F	5		OT	3	10	13	33																		27						N	1	1	0
NL	1039	2	21	6	2007	15	M	5		NL	5	13	15	16	53	55																24	Y	15				N	2	2	4
NL	1040	2	28	4	2007	13	M	5		NL	5	5	10	13	37	39																27						N	2	3	6
NL	1041	2	26	4	2007	9	F	5		NL	4	9	11	45	47																	28						N	3	1	4
NL	1042	2	15	5	2007	13	F	5		NL	5	9	13	16	48	50																32						N	4	2	2
NL	1043	2	9	5	2007	12	M	5		NL	5	6	9	12	44	47																33						N	1	2	3
NL	1044	2	10	5	2007	11	F	5		NL	4	9	46	48																		32	N					Y	3	3	4
NL	1045	2	12	6	2007	11	F	5		NL	6	7	11	14	17	42	47															25						Y	1	3	2
NL	1046	2	1	6	2007	10	M	5		NL	6	4	7	10	11	36	40															30	N						2	3	5
NL	1047	2	31	5	2007	11	M	5		NL	5	2	7	11	40	43																25						N	2		4
NL	1048	2	30	5	2007	14	F	5		NL	6	8	13	14	17	44	47															30	N						2	2	3
NL	1049	2	3	6	2007	17	F	5		NL	5	14	17	18	49	57																15	Y	50					1	2	0
NL	1050	2	13	6	2007	16	M	5		NL	4	14	16	45	48																	20	Y	15				Y	2	3	3
NL	1051	2	8	7	2007	14	F	5		NL	6	6	10	13	14	41	42															25	Y	50				Y	2	3	0
NL	1052	2	19	1	2007	17	M	5		NL	7	11	14	15	17	19	43	44														16	N					N	2	2	5
NL	1053	2	16	5	2007	15	F	5		NL	5	7	13	15	45	46																20						N	2	3	3
NL	1054	2	27	4	2007	12	M	5		NL	5	9	12	14	47	51																30						N	1	1	5
NL	1055	2	14	4	2007	14	F	5		NL	5	6	14	16	45	46																24	N					N	1	2	6
NL	1056	2	11	3	2007	16	F	5		NL	5	11	14	16	43	46																32						N	2	2	0
NL	1057	2					M	5		NL	4	14	42	43																		32						N	3	1	0
NL	1058	2	22	1	2007	11	F	5		NL	5	3	5	11	39	41																26						N	2	2	1
NL	1059	2	9	11	2006	14	F	5		NL	4	14	18	48	51																	37							2	3	4
NL	1060	2	19	2	2007	9	M	5		NL	4	7	9	39	40																	34						N	2	4	1
NL	1063	3	28	10	2007	8	F	3	2	NL	6	4	8	11	13	38	40																		Y	1	NL	N	2	2	0
